,Date,Open,High,Low,Close,Volume,Change
0,1998-03-21,343,348,328,331,122440,
1,1998-03-23,322,347,318,329,137760,-0.0060422960725075026
2,1998-03-24,324,338,324,328,77910,-0.003039513677811523
3,1998-03-25,330,335,309,317,72080,-0.03353658536585369
4,1998-03-26,320,322,305,310,71490,-0.02208201892744477
5,1998-03-27,296,309,296,306,77270,-0.012903225806451646
6,1998-03-28,301,314,292,304,84980,-0.006535947712418277
7,1998-03-30,301,301,269,270,115840,-0.11184210526315785
8,1998-03-31,267,287,254,255,185810,-0.05555555555555558
9,1998-04-01,224,224,224,224,8800,-0.1215686274509804
10,1998-04-02,196,196,196,198,4400,-0.1160714285714286
11,1998-04-03,174,174,174,174,10010,-0.12121212121212122
12,1998-04-04,153,153,153,153,770,-0.12068965517241381
13,1998-04-06,134,165,134,155,1493790,0.013071895424836555
14,1998-04-07,155,172,154,174,373330,0.1225806451612903
15,1998-04-08,189,190,169,174,315190,0.0
16,1998-04-09,165,173,152,166,310420,-0.04597701149425293
17,1998-04-10,165,171,150,153,216310,-0.07831325301204817
18,1998-04-11,165,168,157,158,98610,0.03267973856209161
19,1998-04-13,147,168,147,169,187440,0.06962025316455689
20,1998-04-14,165,169,156,170,202340,0.00591715976331364
21,1998-04-15,169,171,161,167,125990,-0.01764705882352946
22,1998-04-16,160,169,157,159,75880,-0.04790419161676651
23,1998-04-17,156,160,148,149,46120,-0.06289308176100628
24,1998-04-18,147,150,137,138,47310,-0.0738255033557047
25,1998-04-20,135,140,121,125,73830,-0.09420289855072461
26,1998-04-21,123,131,114,127,68980,0.016000000000000014
27,1998-04-22,120,134,120,126,45850,-0.007874015748031482
28,1998-04-23,123,123,112,115,43010,-0.08730158730158732
29,1998-04-24,110,118,101,101,51530,-0.12173913043478257
30,1998-04-25,101,101,89,93,57270,-0.07920792079207917
31,1998-04-27,92,92,87,91,64870,-0.021505376344086002
32,1998-04-28,85,101,85,99,53660,0.08791208791208782
33,1998-04-29,101,110,101,110,54020,0.11111111111111116
34,1998-04-30,116,122,116,123,64360,0.11818181818181817
35,1998-05-02,135,137,127,138,50320,0.12195121951219523
36,1998-05-04,147,152,121,124,158220,-0.10144927536231885
37,1998-05-06,115,126,113,113,70260,-0.08870967741935487
38,1998-05-07,112,125,112,123,59080,0.08849557522123885
39,1998-05-08,122,133,114,130,51560,0.05691056910569103
40,1998-05-09,118,129,118,123,27840,-0.05384615384615388
41,1998-05-11,114,122,110,111,43770,-0.09756097560975607
42,1998-05-12,103,104,98,98,54300,-0.11711711711711714
43,1998-05-13,91,108,89,94,49760,-0.04081632653061229
44,1998-05-14,91,104,86,104,69100,0.1063829787234043
45,1998-05-15,95,104,91,92,46240,-0.11538461538461542
46,1998-05-16,84,95,84,94,28790,0.021739130434782705
47,1998-05-18,97,103,97,105,50690,0.11702127659574457
48,1998-05-19,105,114,103,114,117400,0.08571428571428563
49,1998-05-20,114,127,114,127,151800,0.11403508771929816
50,1998-05-21,130,134,116,119,153080,-0.06299212598425197
51,1998-05-22,118,128,118,127,119680,0.0672268907563025
52,1998-05-23,138,138,127,132,55600,0.03937007874015741
53,1998-05-25,124,136,115,119,81740,-0.09848484848484851
54,1998-05-26,113,124,113,121,88480,0.01680672268907557
55,1998-05-27,116,135,116,134,93230,0.1074380165289257
56,1998-05-28,133,135,126,130,46290,-0.02985074626865669
57,1998-05-29,123,136,123,132,95050,0.01538461538461533
58,1998-05-30,132,132,125,132,30030,0.0
59,1998-06-01,128,138,128,136,61490,0.030303030303030276
60,1998-06-02,134,140,131,136,81640,0.0
61,1998-06-03,137,140,131,136,54090,0.0
62,1998-06-05,132,137,129,136,93260,0.0
63,1998-06-08,135,140,135,136,20310,0.0
64,1998-06-09,135,143,133,143,95980,0.05147058823529416
65,1998-06-10,144,146,135,137,40670,-0.04195804195804198
66,1998-06-11,129,135,129,136,6660,-0.007299270072992692
67,1998-06-12,129,137,129,134,55720,-0.014705882352941124
68,1998-06-13,131,133,131,134,8050,0.0
69,1998-06-15,133,133,128,134,46880,0.0
70,1998-06-16,127,133,127,134,53770,0.0
71,1998-06-17,133,137,131,135,38370,0.00746268656716409
72,1998-06-18,134,151,134,151,54060,0.11851851851851847
73,1998-06-19,151,152,144,147,41990,-0.026490066225165587
74,1998-06-20,144,148,135,144,15910,-0.020408163265306145
75,1998-06-22,140,143,140,141,20570,-0.02083333333333337
76,1998-06-23,128,137,128,136,17790,-0.03546099290780147
77,1998-06-24,127,135,127,136,15580,0.0
78,1998-06-25,135,141,135,141,20010,0.03676470588235303
79,1998-06-26,143,143,140,141,15200,0.0
80,1998-06-27,142,142,135,140,12660,-0.007092198581560294
81,1998-06-29,135,140,135,140,12660,0.0
82,1998-06-30,131,133,131,134,14050,-0.042857142857142816
83,1998-07-01,133,140,133,139,8880,0.03731343283582089
84,1998-07-02,140,140,131,132,5310,-0.05035971223021585
85,1998-07-03,127,131,118,119,16680,-0.09848484848484851
86,1998-07-04,112,114,110,113,6210,-0.050420168067226934
87,1998-07-06,113,114,110,110,9790,-0.026548672566371723
88,1998-07-07,114,120,114,115,6220,0.045454545454545414
89,1998-07-08,118,122,116,117,24300,0.017391304347825987
90,1998-07-09,112,130,112,130,33190,0.11111111111111116
91,1998-07-10,143,144,130,136,36940,0.04615384615384621
92,1998-07-11,127,131,120,122,4610,-0.1029411764705882
93,1998-07-13,114,121,114,116,8480,-0.049180327868852514
94,1998-07-14,111,122,111,119,6660,0.02586206896551735
95,1998-07-15,114,120,114,116,14260,-0.025210084033613467
96,1998-07-16,119,126,119,123,10810,0.06034482758620685
97,1998-07-18,123,130,115,115,15790,-0.06504065040650409
98,1998-07-20,127,127,117,127,15930,0.10434782608695659
99,1998-07-21,131,136,127,132,40860,0.03937007874015741
100,1998-07-22,133,133,122,124,5870,-0.06060606060606055
101,1998-07-23,119,120,117,118,11150,-0.048387096774193505
102,1998-07-24,123,125,112,123,30620,0.04237288135593231
103,1998-07-25,117,123,117,118,4110,-0.04065040650406504
104,1998-07-27,118,120,116,117,3330,-0.008474576271186418
105,1998-07-28,116,118,114,116,6430,-0.008547008547008517
106,1998-07-29,116,121,116,117,14920,0.008620689655172376
107,1998-07-30,114,118,114,119,11940,0.017094017094017033
108,1998-07-31,120,120,114,117,19140,-0.01680672268907568
109,1998-08-01,114,119,114,115,8980,-0.017094017094017144
110,1998-08-03,114,118,111,113,7320,-0.017391304347826098
111,1998-08-04,114,114,109,113,5400,0.0
112,1998-08-05,112,112,106,110,12480,-0.026548672566371723
113,1998-08-06,109,109,105,107,8010,-0.027272727272727226
114,1998-08-07,105,114,105,111,12890,0.03738317757009346
115,1998-08-08,110,122,110,110,2670,-0.009009009009009028
116,1998-08-10,108,108,105,106,17630,-0.036363636363636376
117,1998-08-11,105,110,105,108,9280,0.018867924528301883
118,1998-08-12,105,108,105,106,26540,-0.01851851851851849
119,1998-08-13,101,109,101,108,4500,0.018867924528301883
120,1998-08-14,105,109,105,108,7770,0.0
121,1998-08-17,110,111,110,113,5150,0.04629629629629628
122,1998-08-18,105,108,101,104,12300,-0.07964601769911506
123,1998-08-19,104,112,104,106,8940,0.019230769230769162
124,1998-08-20,112,116,106,110,8880,0.037735849056603765
125,1998-08-21,114,114,105,108,8790,-0.018181818181818188
126,1998-08-22,112,114,106,110,2450,0.0185185185185186
127,1998-08-24,106,123,106,124,17280,0.1272727272727272
128,1998-08-25,122,123,108,116,39090,-0.06451612903225812
129,1998-08-26,118,122,110,113,15790,-0.025862068965517238
130,1998-08-27,111,118,110,111,8490,-0.017699115044247815
131,1998-08-28,114,124,110,123,24350,0.10810810810810811
132,1998-08-29,119,123,114,115,11340,-0.06504065040650409
133,1998-08-31,112,120,112,115,6980,0.0
134,1998-09-01,120,128,120,129,49670,0.12173913043478257
135,1998-09-02,135,143,133,144,88750,0.11627906976744184
136,1998-09-03,161,161,127,136,149480,-0.05555555555555558
137,1998-09-04,144,144,123,123,43600,-0.09558823529411764
138,1998-09-05,123,137,123,132,24750,0.07317073170731714
139,1998-09-07,131,136,131,132,27650,0.0
140,1998-09-08,127,133,127,127,23950,-0.037878787878787845
141,1998-09-09,133,133,123,127,17390,0.0
142,1998-09-10,127,131,127,129,24350,0.015748031496062964
143,1998-09-11,129,133,127,128,17800,-0.007751937984496138
144,1998-09-12,127,131,127,130,5270,0.015625
145,1998-09-14,131,136,123,127,17900,-0.023076923076923106
146,1998-09-15,128,130,123,127,22740,0.0
147,1998-09-16,133,135,127,128,13120,0.007874015748031482
148,1998-09-17,129,129,127,127,11140,-0.0078125
149,1998-09-18,127,127,125,127,16680,0.0
150,1998-09-19,127,128,125,127,12280,0.0
151,1998-09-21,129,142,118,143,85550,0.12598425196850394
152,1998-09-22,149,152,130,130,102540,-0.09090909090909094
153,1998-09-23,129,132,127,128,14190,-0.01538461538461533
154,1998-09-24,127,133,127,128,25660,0.0
155,1998-09-25,129,132,127,128,10900,0.0
156,1998-09-26,127,128,127,128,6900,0.0
157,1998-09-28,127,131,127,130,7820,0.015625
158,1998-09-29,131,131,127,130,8650,0.0
159,1998-09-30,131,141,131,138,38780,0.06153846153846154
160,1998-10-01,137,137,129,129,3390,-0.06521739130434778
161,1998-10-02,128,136,128,132,7350,0.023255813953488413
162,1998-10-07,127,131,127,130,7500,-0.015151515151515138
163,1998-10-08,131,139,131,132,10560,0.01538461538461533
164,1998-10-09,143,146,135,139,12900,0.05303030303030298
165,1998-10-10,140,142,135,136,10090,-0.021582733812949617
166,1998-10-12,129,141,129,142,18930,0.044117647058823595
167,1998-10-13,136,142,136,139,26800,-0.021126760563380254
168,1998-10-14,140,155,137,155,83890,0.1151079136690647
169,1998-10-15,158,171,154,159,184220,0.02580645161290329
170,1998-10-16,161,168,146,147,45590,-0.07547169811320753
171,1998-10-17,150,152,144,148,35900,0.006802721088435382
172,1998-10-19,140,148,140,143,31550,-0.03378378378378377
173,1998-10-20,140,151,140,144,34390,0.006993006993007089
174,1998-10-21,150,150,143,149,26160,0.03472222222222232
175,1998-10-22,149,149,142,146,10070,-0.020134228187919434
176,1998-10-23,146,156,146,147,41890,0.006849315068493178
177,1998-10-24,154,154,146,147,13270,0.0
178,1998-10-26,148,148,140,143,22010,-0.027210884353741527
179,1998-10-27,137,141,135,136,22580,-0.04895104895104896
180,1998-10-28,135,137,133,134,32430,-0.014705882352941124
181,1998-10-29,134,137,133,134,10690,0.0
182,1998-10-30,135,140,133,136,9860,0.014925373134328401
183,1998-10-31,133,138,133,136,6990,0.0
184,1998-11-02,135,144,135,138,27100,0.014705882352941124
185,1998-11-03,139,140,135,136,35140,-0.01449275362318836
186,1998-11-04,142,142,135,140,19520,0.02941176470588225
187,1998-11-05,136,148,136,149,42890,0.06428571428571428
188,1998-11-06,146,160,146,153,53350,0.02684563758389258
189,1998-11-07,153,153,148,151,38280,-0.013071895424836555
190,1998-11-09,153,168,150,168,116770,0.11258278145695355
191,1998-11-10,161,165,147,150,30740,-0.1071428571428571
192,1998-11-11,152,155,150,154,37270,0.026666666666666616
193,1998-11-12,157,161,154,157,23030,0.01948051948051943
194,1998-11-13,156,156,153,153,8540,-0.02547770700636942
195,1998-11-14,153,161,153,154,15130,0.006535947712418277
196,1998-11-16,154,160,154,157,25940,0.01948051948051943
197,1998-11-17,159,163,155,164,21110,0.04458598726114649
198,1998-11-18,176,183,173,183,52960,0.11585365853658547
199,1998-11-19,199,201,184,185,128760,0.010928961748633892
200,1998-11-20,187,187,179,181,47960,-0.021621621621621623
201,1998-11-21,202,202,186,192,60060,0.06077348066298338
202,1998-11-23,191,195,186,190,64320,-0.01041666666666663
203,1998-11-24,191,204,191,200,71780,0.05263157894736836
204,1998-11-25,201,223,201,224,58290,0.1200000000000001
205,1998-11-26,239,241,231,242,93230,0.0803571428571428
206,1998-11-27,241,268,228,268,85010,0.1074380165289257
207,1998-11-28,271,289,260,276,66860,0.029850746268656803
208,1998-11-30,275,288,271,286,99200,0.03623188405797095
209,1998-12-01,269,279,256,270,60280,-0.05594405594405594
210,1998-12-02,258,267,250,260,45310,-0.03703703703703709
211,1998-12-03,263,271,263,266,47430,0.023076923076922995
212,1998-12-04,271,271,254,267,32840,0.003759398496240518
213,1998-12-05,266,266,254,266,47690,-0.0037453183520599342
214,1998-12-07,266,305,266,285,36520,0.0714285714285714
215,1998-12-08,305,327,291,327,105360,0.1473684210526316
216,1998-12-09,348,375,318,374,108060,0.143730886850153
217,1998-12-10,382,428,382,429,92510,0.1470588235294117
218,1998-12-11,492,492,492,493,51490,0.14918414918414924
219,1998-12-14,565,565,522,565,106370,0.1460446247464504
220,1998-12-15,616,616,522,529,69780,-0.06371681415929209
221,1998-12-16,543,572,449,450,74030,-0.1493383742911153
222,1998-12-17,407,445,407,429,64910,-0.046666666666666634
223,1998-12-18,432,466,432,455,39820,0.06060606060606055
224,1998-12-21,488,522,475,523,76020,0.14945054945054936
225,1998-12-22,492,521,449,455,42590,-0.13001912045889097
226,1998-12-23,467,488,458,463,42360,0.01758241758241752
227,1998-12-24,467,522,467,497,54980,0.07343412526997839
228,1998-12-28,509,518,488,493,80620,-0.008048289738430636
229,1999-01-04,434,538,434,521,47230,0.05679513184584173
230,1999-01-05,521,563,521,551,41630,0.05758157389635321
231,1999-01-06,551,551,526,539,53320,-0.02177858439201452
232,1999-01-07,538,597,538,563,67380,0.04452690166975892
233,1999-01-08,563,563,538,550,31930,-0.023090586145648295
234,1999-01-11,538,606,538,606,95260,0.10181818181818181
235,1999-01-12,624,661,593,612,63510,0.00990099009900991
236,1999-01-13,575,655,575,594,65740,-0.02941176470588236
237,1999-01-14,587,587,508,514,38360,-0.13468013468013473
238,1999-01-15,502,569,502,556,34300,0.08171206225680927
239,1999-01-18,563,587,514,545,47790,-0.01978417266187049
240,1999-01-19,557,569,546,551,41610,0.011009174311926495
241,1999-01-20,551,563,508,511,25750,-0.07259528130671511
242,1999-01-21,492,492,447,447,22640,-0.12524461839530332
243,1999-01-22,404,465,404,441,37190,-0.01342281879194629
244,1999-01-25,428,453,428,447,27750,0.013605442176870763
245,1999-01-26,453,477,434,435,29920,-0.02684563758389258
246,1999-01-27,446,462,434,456,37240,0.048275862068965614
247,1999-01-28,440,489,440,490,63210,0.07456140350877183
248,1999-01-29,472,489,459,490,37130,0.0
249,1999-02-01,489,520,471,490,44130,0.0
250,1999-02-02,477,544,477,522,185170,0.06530612244897949
251,1999-02-03,520,538,502,514,61690,-0.01532567049808431
252,1999-02-04,514,514,480,502,28310,-0.023346303501945553
253,1999-02-05,502,520,483,490,24050,-0.0239043824701195
254,1999-02-08,430,514,430,478,16780,-0.024489795918367308
255,1999-02-09,459,489,450,459,16150,-0.03974895397489542
256,1999-02-10,447,458,390,444,52700,-0.0326797385620915
257,1999-02-11,447,459,434,444,14510,0.0
258,1999-02-12,428,458,428,453,26460,0.020270270270270174
259,1999-02-18,489,489,459,459,14720,0.013245033112582849
260,1999-02-19,447,447,410,441,14840,-0.039215686274509776
261,1999-02-22,391,459,391,417,11990,-0.05442176870748294
262,1999-02-23,428,428,410,410,16760,-0.016786570743405282
263,1999-02-24,440,440,410,416,17370,0.014634146341463428
264,1999-02-25,410,416,393,401,9280,-0.03605769230769229
265,1999-02-26,410,428,404,410,11850,0.02244389027431426
266,1999-03-02,410,446,410,435,30440,0.060975609756097615
267,1999-03-03,404,443,404,423,15330,-0.02758620689655178
268,1999-03-04,428,428,416,421,13410,-0.004728132387706863
269,1999-03-05,410,428,410,423,13180,0.004750593824228044
270,1999-03-08,431,447,431,443,20680,0.047281323877068626
271,1999-03-09,443,447,434,444,15610,0.0022573363431150906
272,1999-03-10,440,440,423,435,20990,-0.020270270270270285
273,1999-03-11,434,465,434,458,34900,0.05287356321839076
274,1999-03-12,525,525,471,475,58340,0.037117903930131035
275,1999-03-15,480,495,468,468,24360,-0.01473684210526316
276,1999-03-16,477,492,477,489,57860,0.044871794871794934
277,1999-03-17,489,499,465,472,33210,-0.03476482617586907
278,1999-03-18,459,470,447,449,21710,-0.048728813559322015
279,1999-03-19,451,465,448,456,19030,0.015590200445434244
280,1999-03-22,459,468,459,462,14640,0.013157894736842035
281,1999-03-23,468,468,437,444,8750,-0.038961038961038974
282,1999-03-24,431,465,431,453,20170,0.020270270270270174
283,1999-03-25,447,459,447,459,13930,0.013245033112582849
284,1999-03-26,459,459,447,453,14860,-0.013071895424836555
285,1999-03-29,456,456,434,437,13500,-0.03532008830022071
286,1999-03-30,437,453,437,447,12510,0.022883295194507935
287,1999-03-31,447,452,443,444,11870,-0.006711409395973145
288,1999-04-01,447,453,434,446,23910,0.0045045045045044585
289,1999-04-02,453,453,431,432,27400,-0.03139013452914796
290,1999-04-06,434,450,434,441,51230,0.02083333333333326
291,1999-04-07,447,462,447,459,54540,0.04081632653061229
292,1999-04-08,462,527,462,499,178470,0.08714596949891074
293,1999-04-09,514,517,484,502,78920,0.006012024048096087
294,1999-04-12,502,532,489,533,96660,0.06175298804780871
295,1999-04-13,554,581,548,563,134300,0.05628517823639778
296,1999-04-14,560,563,529,545,63240,-0.03197158081705154
297,1999-04-15,563,581,548,569,89030,0.044036697247706424
298,1999-04-16,538,578,538,552,62120,-0.02987697715289983
299,1999-04-19,551,581,520,520,128830,-0.05797101449275366
300,1999-04-20,549,551,529,533,42180,0.02499999999999991
301,1999-04-21,521,572,521,545,72360,0.022514071294559068
302,1999-04-22,557,569,544,557,60160,0.022018348623853212
303,1999-04-23,569,612,569,588,203490,0.055655296229802476
304,1999-04-26,642,642,593,606,127180,0.030612244897959107
305,1999-04-27,600,606,575,588,75180,-0.02970297029702973
306,1999-04-28,587,606,578,588,130450,0.0
307,1999-04-29,600,673,600,674,252910,0.1462585034013606
308,1999-04-30,716,722,642,674,179700,0.0
309,1999-05-03,649,710,642,689,140210,0.022255192878338326
310,1999-05-04,716,716,673,680,64640,-0.013062409288824406
311,1999-05-06,710,740,691,723,131450,0.06323529411764706
312,1999-05-07,728,728,698,704,109630,-0.026279391424619658
313,1999-05-10,716,750,704,741,126200,0.05255681818181812
314,1999-05-11,740,786,716,735,381560,-0.0080971659919028
315,1999-05-12,716,734,673,692,135620,-0.058503401360544216
316,1999-05-13,691,691,612,612,132590,-0.11560693641618502
317,1999-05-14,621,630,569,576,86840,-0.05882352941176472
318,1999-05-17,581,581,535,551,47890,-0.04340277777777779
319,1999-05-18,554,569,544,557,55780,0.010889292196007316
320,1999-05-19,593,612,581,582,129740,0.044883303411131115
321,1999-05-20,559,575,551,551,95140,-0.053264604810996596
322,1999-05-21,520,581,520,554,27830,0.005444646098003547
323,1999-05-24,532,563,526,533,22420,-0.03790613718411551
324,1999-05-25,534,554,534,548,21270,0.02814258911819878
325,1999-05-26,563,627,563,628,192230,0.14598540145985406
326,1999-05-27,639,642,600,622,115500,-0.009554140127388533
327,1999-05-28,624,624,587,601,47440,-0.0337620578778135
328,1999-05-31,588,624,587,588,44470,-0.021630615640598982
329,1999-06-01,570,599,563,582,37200,-0.010204081632653073
330,1999-06-02,600,600,563,588,43670,0.010309278350515427
331,1999-06-03,587,612,566,585,56490,-0.005102040816326481
332,1999-06-04,584,584,569,582,39850,-0.00512820512820511
333,1999-06-07,587,612,575,588,76410,0.010309278350515427
334,1999-06-08,590,612,582,594,45370,0.010204081632652962
335,1999-06-09,600,600,580,581,69910,-0.02188552188552184
336,1999-06-10,581,592,575,581,37840,0.0
337,1999-06-11,581,598,563,582,107320,0.001721170395869276
338,1999-06-14,597,610,587,588,64070,0.010309278350515427
339,1999-06-15,612,661,588,631,262970,0.0731292517006803
340,1999-06-16,630,722,630,698,543840,0.10618066561014272
341,1999-06-17,679,728,646,655,247990,-0.06160458452722062
342,1999-06-18,667,716,649,698,214780,0.06564885496183215
343,1999-06-21,722,743,673,674,176090,-0.034383954154727836
344,1999-06-22,642,704,642,689,118120,0.022255192878338326
345,1999-06-23,691,713,642,689,107090,0.0
346,1999-06-24,688,707,649,667,62880,-0.03193033381712629
347,1999-06-25,667,765,649,765,397610,0.14692653673163414
348,1999-06-28,796,820,768,784,384730,0.024836601307189454
349,1999-06-29,765,811,740,802,140910,0.022959183673469497
350,1999-06-30,814,881,789,796,207930,-0.007481296758104716
351,1999-07-01,765,832,765,824,153700,0.035175879396984966
352,1999-07-02,832,869,802,839,130980,0.01820388349514568
353,1999-07-05,841,863,808,814,125970,-0.02979737783075087
354,1999-07-06,808,845,777,821,97720,0.008599508599508532
355,1999-07-07,838,942,783,931,191240,0.13398294762484775
356,1999-07-08,924,924,863,876,113990,-0.05907626208378092
357,1999-07-09,887,906,857,857,101940,-0.02168949771689499
358,1999-07-12,851,900,851,854,141180,-0.003500583430571802
359,1999-07-13,860,881,820,833,87130,-0.024590163934426257
360,1999-07-14,863,906,838,876,203570,0.05162064825930379
361,1999-07-15,872,900,845,863,80250,-0.014840182648401812
362,1999-07-16,875,949,857,900,172660,0.042873696407879525
363,1999-07-19,906,979,894,943,148320,0.0477777777777777
364,1999-07-20,942,1053,930,967,280210,0.02545068928950167
365,1999-07-21,991,1010,942,943,142360,-0.024819027921406445
366,1999-07-22,924,949,875,925,93750,-0.019088016967126142
367,1999-07-23,887,930,826,857,122300,-0.07351351351351354
368,1999-07-26,802,857,796,808,73230,-0.0571761960326721
369,1999-07-27,826,875,826,876,65170,0.08415841584158423
370,1999-07-28,857,906,845,845,92740,-0.035388127853881235
371,1999-07-29,826,869,826,830,61940,-0.017751479289940808
372,1999-07-30,832,881,799,851,74540,0.025301204819277112
373,1999-08-02,851,949,820,937,155510,0.10105757931844894
374,1999-08-03,936,949,863,876,58640,-0.06510138740661686
375,1999-08-04,887,906,832,842,63710,-0.038812785388127824
376,1999-08-05,829,866,820,833,80310,-0.0106888361045131
377,1999-08-06,863,863,826,833,39760,0.0
378,1999-08-09,826,866,826,866,69810,0.03961584633853543
379,1999-08-10,875,894,826,827,73060,-0.04503464203233254
380,1999-08-11,826,857,811,839,42230,0.0145102781136639
381,1999-08-12,826,863,826,839,45840,0.0
382,1999-08-13,845,869,777,821,34060,-0.021454112038140627
383,1999-08-16,799,808,780,790,19640,-0.037758830694275325
384,1999-08-17,777,802,734,735,42720,-0.069620253164557
385,1999-08-18,682,734,649,692,28570,-0.058503401360544216
386,1999-08-19,691,747,691,741,26740,0.07080924855491322
387,1999-08-20,753,753,728,735,21560,-0.0080971659919028
388,1999-08-23,734,777,734,762,18720,0.03673469387755102
389,1999-08-24,759,826,759,827,39170,0.08530183727034113
390,1999-08-25,826,887,826,851,92950,0.0290205562273278
391,1999-08-26,884,884,826,827,102260,-0.02820211515863691
392,1999-08-27,820,845,765,796,88410,-0.037484885126964906
393,1999-08-30,796,796,765,765,60030,-0.03894472361809043
394,1999-08-31,734,783,734,765,33380,0.0
395,1999-09-01,753,765,728,747,40020,-0.02352941176470591
396,1999-09-02,716,734,713,716,28280,-0.04149933065595712
397,1999-09-03,701,734,685,716,37440,0.0
398,1999-09-06,704,734,698,729,42980,0.018156424581005526
399,1999-09-07,722,786,710,732,196380,0.004115226337448652
400,1999-09-08,765,774,716,716,112570,-0.021857923497267784
401,1999-09-09,716,753,704,729,71500,0.018156424581005526
402,1999-09-10,734,765,710,710,43900,-0.026063100137174167
403,1999-09-13,753,753,713,732,37190,0.030985915492957705
404,1999-09-14,725,756,710,741,49130,0.012295081967213184
405,1999-09-15,740,756,719,726,38440,-0.020242914979757054
406,1999-09-16,728,771,728,741,111920,0.02066115702479343
407,1999-09-17,734,734,704,716,48960,-0.03373819163292846
408,1999-09-20,722,747,710,726,66050,0.013966480446927276
409,1999-09-21,747,777,734,753,90880,0.037190082644628086
410,1999-09-22,753,753,722,729,51860,-0.031872509960159334
411,1999-09-27,728,734,685,686,31310,-0.058984910836762716
412,1999-09-28,688,698,661,680,42650,-0.008746355685131157
413,1999-09-29,661,679,581,582,39890,-0.14411764705882357
414,1999-09-30,606,633,593,594,32720,0.020618556701030855
415,1999-10-01,575,581,508,563,67400,-0.05218855218855223
416,1999-10-04,538,578,538,557,34130,-0.010657193605683846
417,1999-10-05,563,563,520,520,30340,-0.06642728904847395
418,1999-10-06,529,566,495,520,33040,0.0
419,1999-10-07,563,563,540,555,39000,0.06730769230769229
420,1999-10-08,564,568,544,561,31100,0.0108108108108107
421,1999-10-11,563,581,557,557,21480,-0.007130124777183555
422,1999-10-12,567,612,567,588,68390,0.055655296229802476
423,1999-10-13,606,618,593,600,35130,0.020408163265306145
424,1999-10-14,606,606,569,599,24880,-0.0016666666666667052
425,1999-10-15,581,600,581,589,27040,-0.016694490818030094
426,1999-10-18,551,563,538,539,40720,-0.08488964346349748
427,1999-10-19,538,562,532,550,31290,0.020408163265306145
428,1999-10-20,551,569,551,563,24220,0.023636363636363678
429,1999-10-21,563,578,551,551,34300,-0.02131438721136769
430,1999-10-22,551,557,548,552,12430,0.001814882032667775
431,1999-10-25,581,630,544,569,102720,0.030797101449275388
432,1999-10-26,581,581,542,551,41000,-0.03163444639718804
433,1999-10-27,569,569,546,546,18220,-0.00907441016333943
434,1999-10-28,544,559,539,552,17270,0.01098901098901095
435,1999-10-29,612,612,575,588,84740,0.0652173913043479
436,1999-11-01,599,606,587,599,40710,0.018707482993197244
437,1999-11-02,606,667,590,631,100530,0.05342237061769617
438,1999-11-03,667,667,636,646,81530,0.023771790808240878
439,1999-11-04,655,661,627,634,46100,-0.018575851393188847
440,1999-11-05,639,691,606,637,105670,0.004731861198738141
441,1999-11-08,639,655,627,643,44460,0.009419152276295195
442,1999-11-09,627,661,612,649,56740,0.009331259720062102
443,1999-11-10,667,716,661,716,212820,0.1032357473035439
444,1999-11-11,701,759,701,729,94080,0.018156424581005526
445,1999-11-12,740,777,740,753,189880,0.03292181069958855
446,1999-11-15,710,747,685,692,62690,-0.08100929614873842
447,1999-11-16,649,691,649,671,55120,-0.030346820809248554
448,1999-11-17,655,673,630,640,60700,-0.046199701937406856
449,1999-11-18,639,652,615,622,29830,-0.028124999999999956
450,1999-11-19,630,652,600,637,39350,0.02411575562700974
451,1999-11-22,642,649,621,622,36860,-0.023547880690737877
452,1999-11-23,612,667,606,661,69520,0.06270096463022501
453,1999-11-24,664,676,636,649,40240,-0.018154311649016597
454,1999-11-25,642,685,615,634,52250,-0.023112480739599373
455,1999-11-26,627,667,587,588,42990,-0.0725552050473186
456,1999-11-29,552,578,552,558,18850,-0.05102040816326525
457,1999-11-30,581,597,570,582,45560,0.043010752688172005
458,1999-12-01,593,606,584,585,20700,0.005154639175257714
459,1999-12-02,581,606,581,593,26900,0.013675213675213627
460,1999-12-03,587,593,563,579,11310,-0.02360876897133224
461,1999-12-06,566,639,566,585,87660,0.010362694300518172
462,1999-12-07,581,599,533,551,25240,-0.058119658119658135
463,1999-12-08,581,592,560,569,46730,0.03266787658802173
464,1999-12-09,483,572,483,563,38610,-0.010544815465729385
465,1999-12-10,563,587,551,576,48800,0.023090586145648295
466,1999-12-13,587,597,575,579,46220,0.005208333333333259
467,1999-12-14,587,624,566,606,88730,0.04663212435233155
468,1999-12-15,600,618,549,551,57530,-0.0907590759075908
469,1999-12-16,563,569,541,546,27560,-0.00907441016333943
470,1999-12-17,538,551,520,539,26290,-0.012820512820512775
471,1999-12-20,522,537,522,522,19190,-0.03153988868274582
472,1999-12-21,511,514,483,496,31370,-0.04980842911877392
473,1999-12-22,495,495,447,484,106760,-0.024193548387096753
474,1999-12-23,490,490,465,466,51010,-0.037190082644628086
475,1999-12-24,472,492,456,476,24580,0.02145922746781115
476,1999-12-27,486,489,471,484,32810,0.01680672268907557
477,1999-12-28,483,532,483,520,61780,0.07438016528925617
478,2000-01-04,443,508,443,473,74450,-0.0903846153846154
479,2000-01-05,470,472,438,441,50920,-0.06765327695560253
480,2000-01-06,442,453,416,416,35030,-0.05668934240362811
481,2000-01-07,416,440,416,438,33180,0.05288461538461542
482,2000-01-10,440,459,431,432,21000,-0.013698630136986356
483,2000-01-11,431,440,420,429,22060,-0.00694444444444442
484,2000-01-12,428,437,416,433,31750,0.00932400932400923
485,2000-01-13,446,454,423,453,26950,0.04618937644341803
486,2000-01-14,438,465,438,453,31750,0.0
487,2000-01-17,450,464,445,447,17200,-0.013245033112582738
488,2000-01-18,439,446,428,435,17930,-0.02684563758389258
489,2000-01-19,429,439,400,402,11790,-0.07586206896551728
490,2000-01-20,398,407,376,391,10980,-0.027363184079602032
491,2000-01-21,391,393,379,385,21380,-0.01534526854219953
492,2000-01-24,384,394,373,388,49990,0.007792207792207684
493,2000-01-25,386,418,382,393,105690,0.012886597938144284
494,2000-01-26,397,397,373,386,58710,-0.01781170483460559
495,2000-01-27,415,440,401,426,128810,0.10362694300518127
496,2000-01-28,440,462,428,435,74950,0.021126760563380254
497,2000-01-31,434,434,410,418,26860,-0.039080459770114984
498,2000-02-01,428,459,417,441,97220,0.055023923444976086
499,2000-02-02,453,453,424,442,55410,0.0022675736961450532
500,2000-02-03,434,452,429,432,59390,-0.022624434389140302
501,2000-02-07,446,446,423,440,47460,0.0185185185185186
502,2000-02-08,431,440,422,441,34700,0.002272727272727204
503,2000-02-09,428,437,422,435,46590,-0.013605442176870763
504,2000-02-10,440,440,416,416,40270,-0.04367816091954024
505,2000-02-11,401,410,377,383,35800,-0.07932692307692313
506,2000-02-14,373,373,358,359,15720,-0.06266318537859006
507,2000-02-15,361,367,336,346,28500,-0.03621169916434541
508,2000-02-16,337,345,330,338,33800,-0.023121387283236983
509,2000-02-17,325,336,323,330,46540,-0.023668639053254448
510,2000-02-18,319,352,318,343,56080,0.039393939393939315
511,2000-02-21,349,349,306,321,18790,-0.06413994169096215
512,2000-02-22,306,367,306,312,38290,-0.028037383177570097
513,2000-02-23,312,358,312,342,56160,0.09615384615384626
514,2000-02-24,341,342,324,325,27180,-0.049707602339181256
515,2000-02-25,315,355,312,340,43080,0.04615384615384621
516,2000-02-28,355,390,355,391,79110,0.1499999999999999
517,2000-02-29,385,413,364,385,57720,-0.01534526854219953
518,2000-03-02,361,404,361,374,31530,-0.02857142857142858
519,2000-03-03,376,410,376,389,32080,0.04010695187165769
520,2000-03-06,404,443,395,435,63870,0.11825192802056561
521,2000-03-07,443,443,416,416,36580,-0.04367816091954024
522,2000-03-08,416,428,407,407,27560,-0.02163461538461542
523,2000-03-09,421,424,407,411,38100,0.00982800982800991
524,2000-03-10,404,428,404,411,51050,0.0
525,2000-03-13,429,459,429,435,68570,0.058394160583941535
526,2000-03-14,452,462,419,446,83750,0.025287356321838983
527,2000-03-15,428,436,417,421,44940,-0.056053811659192876
528,2000-03-16,428,434,393,397,40420,-0.05700712589073631
529,2000-03-17,422,422,386,393,35250,-0.010075566750629705
530,2000-03-20,404,434,404,408,93830,0.03816793893129766
531,2000-03-21,431,431,394,398,75690,-0.02450980392156865
532,2000-03-22,404,421,394,413,42900,0.03768844221105527
533,2000-03-23,416,425,391,399,49070,-0.03389830508474578
534,2000-03-24,410,458,410,458,194640,0.1478696741854637
535,2000-03-27,479,526,465,478,564880,0.04366812227074246
536,2000-03-28,483,483,450,470,128170,-0.01673640167364021
537,2000-03-29,486,486,425,438,68400,-0.06808510638297871
538,2000-03-30,420,437,404,411,74820,-0.06164383561643838
539,2000-03-31,373,428,373,426,73630,0.03649635036496357
540,2000-04-03,398,428,386,391,40900,-0.0821596244131455
541,2000-04-04,398,398,370,380,49310,-0.02813299232736577
542,2000-04-06,379,385,371,380,30830,0.0
543,2000-04-07,380,398,367,377,39820,-0.007894736842105288
544,2000-04-10,382,398,380,394,36950,0.04509283819628651
545,2000-04-11,379,393,371,371,20940,-0.058375634517766506
546,2000-04-12,373,379,373,377,17290,0.016172506738544534
547,2000-04-14,379,382,364,364,25250,-0.03448275862068961
548,2000-04-17,349,358,309,313,34840,-0.14010989010989006
549,2000-04-18,324,339,318,328,22370,0.04792332268370614
550,2000-04-19,336,355,336,348,22400,0.060975609756097615
551,2000-04-20,348,364,333,360,18420,0.034482758620689724
552,2000-04-21,363,373,355,367,16630,0.019444444444444375
553,2000-04-24,409,409,377,380,34260,0.03542234332425065
554,2000-04-25,373,379,325,358,15610,-0.05789473684210522
555,2000-04-26,367,367,337,340,22310,-0.05027932960893855
556,2000-04-27,324,336,324,325,12730,-0.044117647058823484
557,2000-04-28,328,345,328,342,7650,0.05230769230769239
558,2000-05-02,359,361,339,348,24220,0.01754385964912286
559,2000-05-03,345,355,343,352,9710,0.011494252873563315
560,2000-05-04,362,362,344,347,4900,-0.014204545454545414
561,2000-05-08,349,364,345,358,13840,0.03170028818443793
562,2000-05-09,358,367,357,361,4350,0.008379888268156499
563,2000-05-10,382,382,348,352,8550,-0.024930747922437657
564,2000-05-12,342,398,342,361,72180,0.02556818181818188
565,2000-05-15,357,357,328,332,13940,-0.08033240997229918
566,2000-05-16,345,345,332,332,7530,0.0
567,2000-05-17,342,342,282,283,48840,-0.14759036144578308
568,2000-05-18,283,284,272,276,36500,-0.02473498233215543
569,2000-05-19,269,295,269,294,11030,0.0652173913043479
570,2000-05-22,296,296,266,269,5660,-0.08503401360544216
571,2000-05-23,252,287,251,254,26580,-0.055762081784386575
572,2000-05-24,244,265,230,266,31470,0.04724409448818889
573,2000-05-25,275,300,269,291,26780,0.09398496240601495
574,2000-05-26,290,298,260,264,16110,-0.09278350515463918
575,2000-05-29,263,287,244,257,16670,-0.02651515151515149
576,2000-05-30,281,284,269,282,22500,0.09727626459143979
577,2000-05-31,281,304,281,292,53150,0.03546099290780136
578,2000-06-01,291,312,277,312,44700,0.06849315068493156
579,2000-06-02,312,357,312,336,159080,0.07692307692307687
580,2000-06-05,342,386,336,386,133100,0.14880952380952372
581,2000-06-07,386,443,358,444,324620,0.15025906735751304
582,2000-06-08,465,479,420,453,290350,0.020270270270270174
583,2000-06-09,447,459,423,438,154540,-0.0331125827814569
584,2000-06-12,440,471,431,454,201280,0.0365296803652968
585,2000-06-13,459,522,429,489,190470,0.0770925110132159
586,2000-06-14,443,489,443,446,59640,-0.08793456032719837
587,2000-06-15,440,440,379,380,74910,-0.14798206278026904
588,2000-06-16,324,396,324,380,125900,0.0
589,2000-06-19,368,432,368,404,115460,0.06315789473684208
590,2000-06-20,393,428,393,416,39450,0.02970297029702973
591,2000-06-21,416,445,416,428,105530,0.028846153846153744
592,2000-06-22,459,459,428,438,58880,0.02336448598130847
593,2000-06-23,437,437,428,429,57800,-0.020547945205479423
594,2000-06-26,428,437,411,421,136140,-0.018648018648018683
595,2000-06-27,421,428,404,421,125020,0.0
596,2000-06-28,428,440,420,428,102520,0.016627078384798155
597,2000-06-29,428,428,413,413,70660,-0.03504672897196259
598,2000-06-30,413,422,413,419,49260,0.014527845036319542
599,2000-07-03,418,422,407,421,70350,0.004773269689737569
600,2000-07-04,421,463,392,435,138880,0.03325415676959631
601,2000-07-05,446,453,434,445,63410,0.02298850574712641
602,2000-07-06,456,458,434,453,103930,0.01797752808988773
603,2000-07-07,453,461,444,451,62510,-0.004415011037527616
604,2000-07-10,450,483,450,460,81550,0.019955654101995624
605,2000-07-11,459,460,435,438,31880,-0.047826086956521685
606,2000-07-12,429,437,420,423,25500,-0.03424657534246578
607,2000-07-13,401,423,401,416,23660,-0.01654846335697402
608,2000-07-14,416,416,391,393,23100,-0.055288461538461564
609,2000-07-18,376,393,376,389,23040,-0.010178117048346036
610,2000-07-19,398,398,361,377,20610,-0.03084832904884316
611,2000-07-20,376,376,361,361,9480,-0.04244031830238726
612,2000-07-21,388,388,364,364,6700,0.008310249307479145
613,2000-07-24,345,364,345,349,5730,-0.04120879120879117
614,2000-07-25,330,347,324,340,8480,-0.025787965616045794
615,2000-07-26,330,390,330,380,7420,0.11764705882352944
616,2000-07-27,385,385,349,366,8050,-0.0368421052631579
617,2000-07-28,373,373,343,352,2450,-0.03825136612021862
618,2000-07-31,342,354,330,355,6790,0.008522727272727293
619,2000-08-01,336,373,336,373,9130,0.05070422535211261
620,2000-08-02,355,370,352,364,9840,-0.024128686327077764
621,2000-08-03,367,379,361,370,8390,0.016483516483516425
622,2000-08-04,352,367,349,362,10530,-0.021621621621621623
623,2000-08-07,355,361,352,353,4450,-0.024861878453038666
624,2000-08-08,364,364,343,361,5030,0.022662889518413554
625,2000-08-09,361,375,352,372,10970,0.030470914127423754
626,2000-08-10,391,421,371,404,40800,0.08602150537634401
627,2000-08-11,402,440,378,416,57450,0.02970297029702973
628,2000-08-14,440,443,407,416,52320,0.0
629,2000-08-16,437,437,410,416,38680,0.0
630,2000-08-17,416,416,398,405,20010,-0.02644230769230771
631,2000-08-18,411,411,398,410,16090,0.012345679012345734
632,2000-08-21,398,410,379,404,19970,-0.014634146341463428
633,2000-08-22,398,437,398,438,57070,0.08415841584158423
634,2000-08-23,437,458,404,423,68750,-0.03424657534246578
635,2000-08-24,416,431,410,417,32920,-0.014184397163120588
636,2000-08-25,416,479,416,438,138280,0.050359712230215736
637,2000-08-28,429,440,416,434,45140,-0.0091324200913242
638,2000-08-29,431,436,422,434,19350,0.0
639,2000-08-30,434,434,416,416,12010,-0.04147465437788023
640,2000-08-31,421,421,401,405,23360,-0.02644230769230771
641,2000-09-01,409,434,407,430,27570,0.06172839506172845
642,2000-09-04,430,450,423,437,78200,0.016279069767441756
643,2000-09-05,447,453,435,436,82790,-0.0022883295194507935
644,2000-09-06,435,435,419,429,44620,-0.016055045871559592
645,2000-09-07,428,428,407,408,41040,-0.04895104895104896
646,2000-09-08,407,434,407,417,58390,0.022058823529411686
647,2000-09-14,398,412,398,407,6960,-0.023980815347721784
648,2000-09-15,407,416,406,407,19560,0.0
649,2000-09-18,407,407,352,361,42010,-0.11302211302211307
650,2000-09-19,362,385,362,367,11820,0.016620498614958512
651,2000-09-20,373,379,367,378,21780,0.02997275204359684
652,2000-09-21,380,388,378,382,15130,0.010582010582010692
653,2000-09-22,371,377,355,356,4500,-0.0680628272251309
654,2000-09-25,358,384,358,380,9040,0.0674157303370786
655,2000-09-26,386,388,372,377,20020,-0.007894736842105288
656,2000-09-27,381,396,378,396,19760,0.05039787798408479
657,2000-09-28,396,405,396,404,17300,0.02020202020202011
658,2000-09-29,416,416,379,415,25220,0.027227722772277252
659,2000-10-02,414,414,395,401,24200,-0.03373493975903619
660,2000-10-04,398,404,396,404,7510,0.007481296758104827
661,2000-10-05,407,413,405,410,21020,0.014851485148514865
662,2000-10-06,415,428,410,428,45930,0.04390243902439028
663,2000-10-09,435,437,416,435,43800,0.016355140186915973
664,2000-10-10,421,437,421,434,16420,-0.0022988505747126853
665,2000-10-11,434,437,422,429,48610,-0.011520737327188946
666,2000-10-12,422,422,404,423,11730,-0.013986013986013957
667,2000-10-13,422,422,404,415,23560,-0.01891252955082745
668,2000-10-16,419,437,419,429,39270,0.033734939759036076
669,2000-10-17,420,435,411,411,29370,-0.04195804195804198
670,2000-10-18,411,425,398,416,31480,0.012165450121654597
671,2000-10-19,416,422,401,410,28690,-0.014423076923076872
672,2000-10-20,411,445,409,429,47270,0.04634146341463419
673,2000-10-23,434,483,428,456,109870,0.06293706293706292
674,2000-10-24,456,468,444,450,48280,-0.013157894736842146
675,2000-10-25,450,508,442,484,96370,0.0755555555555556
676,2000-10-26,483,502,460,470,93610,-0.02892561983471076
677,2000-10-27,470,477,416,435,55040,-0.07446808510638303
678,2000-10-30,437,444,411,411,29020,-0.05517241379310345
679,2000-10-31,410,443,391,444,29800,0.08029197080291972
680,2000-11-01,440,471,434,450,17000,0.013513513513513598
681,2000-11-02,450,450,410,410,20470,-0.0888888888888889
682,2000-11-03,410,422,410,414,7410,0.009756097560975618
683,2000-11-06,410,422,404,408,8960,-0.01449275362318836
684,2000-11-07,410,416,404,413,14490,0.01225490196078427
685,2000-11-08,416,416,350,387,28760,-0.06295399515738498
686,2000-11-09,386,391,376,391,16490,0.010335917312661591
687,2000-11-10,379,405,379,392,18670,0.002557544757033181
688,2000-11-13,398,398,382,383,11240,-0.022959183673469385
689,2000-11-14,383,398,382,398,10930,0.039164490861618884
690,2000-11-15,398,403,393,394,13520,-0.01005025125628145
691,2000-11-16,397,407,390,398,7490,0.010152284263959421
692,2000-11-17,393,404,393,404,7680,0.015075376884422065
693,2000-11-20,401,404,396,401,6930,-0.007425742574257432
694,2000-11-21,398,401,374,388,5470,-0.032418952618453845
695,2000-11-22,382,398,380,389,6910,0.002577319587628857
696,2000-11-23,382,382,372,374,12660,-0.03856041131105403
697,2000-11-24,373,385,368,375,7220,0.002673796791443861
698,2000-11-27,379,390,376,388,9000,0.03466666666666662
699,2000-11-28,446,446,404,415,200560,0.06958762886597936
700,2000-11-29,418,428,407,407,48770,-0.01927710843373498
701,2000-11-30,398,410,379,392,32840,-0.03685503685503688
702,2000-12-01,367,437,367,429,64960,0.0943877551020409
703,2000-12-04,428,440,398,423,22100,-0.013986013986013957
704,2000-12-05,422,422,398,405,17740,-0.04255319148936165
705,2000-12-06,404,425,396,402,27770,-0.007407407407407418
706,2000-12-07,379,398,379,389,14340,-0.03233830845771146
707,2000-12-08,379,401,379,398,27420,0.023136246786632286
708,2000-12-11,382,407,382,398,17530,0.0
709,2000-12-12,389,407,387,392,11430,-0.015075376884422065
710,2000-12-13,398,398,388,389,13500,-0.007653061224489832
711,2000-12-14,386,394,386,386,19580,-0.007712082262210762
712,2000-12-15,385,396,385,387,9280,0.002590673575129543
713,2000-12-18,383,396,383,392,4050,0.012919896640826822
714,2000-12-19,394,394,385,386,24090,-0.015306122448979553
715,2000-12-20,385,391,380,384,21410,-0.005181347150259086
716,2000-12-21,383,383,367,374,12150,-0.02604166666666663
717,2000-12-22,367,373,355,361,17280,-0.03475935828877008
718,2000-12-26,355,388,355,388,20970,0.07479224376731297
719,2001-01-02,331,367,331,365,8380,-0.05927835051546393
720,2001-01-03,361,373,342,360,10040,-0.013698630136986356
721,2001-01-04,373,383,367,369,24190,0.02499999999999991
722,2001-01-05,382,382,361,373,13090,0.01084010840108407
723,2001-01-08,376,394,376,378,22280,0.013404825737265424
724,2001-01-09,379,386,371,387,22110,0.023809523809523725
725,2001-01-10,391,391,373,374,13760,-0.03359173126614989
726,2001-01-11,373,379,362,379,9140,0.013368983957219305
727,2001-01-12,381,391,373,381,19050,0.005277044854881341
728,2001-01-15,374,385,374,383,9330,0.005249343832020914
729,2001-01-16,379,391,374,378,5630,-0.01305483028720622
730,2001-01-17,373,385,367,376,12630,-0.005291005291005346
731,2001-01-18,377,385,370,374,4380,-0.005319148936170248
732,2001-01-19,377,382,367,370,9380,-0.010695187165775444
733,2001-01-22,385,385,368,378,4890,0.021621621621621623
734,2001-01-26,379,379,368,371,12970,-0.01851851851851849
735,2001-01-29,375,375,371,375,9620,0.010781671159029615
736,2001-01-30,375,390,372,385,19120,0.026666666666666616
737,2001-01-31,371,381,371,379,6400,-0.01558441558441559
738,2001-02-01,371,378,371,377,9680,-0.00527704485488123
739,2001-02-02,371,379,371,380,4560,0.007957559681697646
740,2001-02-05,379,379,373,376,8350,-0.010526315789473717
741,2001-02-06,373,382,370,381,5220,0.013297872340425565
742,2001-02-07,379,404,373,393,23130,0.03149606299212593
743,2001-02-08,393,425,391,406,39120,0.0330788804071247
744,2001-02-09,405,405,388,399,13270,-0.017241379310344862
745,2001-02-12,398,416,385,401,15580,0.005012531328320913
746,2001-02-13,400,419,400,405,13490,0.009975062344139696
747,2001-02-14,407,419,404,419,26470,0.03456790123456788
748,2001-02-15,450,465,434,444,91850,0.059665871121718395
749,2001-02-16,446,465,428,429,98010,-0.03378378378378377
750,2001-02-19,439,442,422,435,29020,0.013986013986013957
751,2001-02-20,431,434,424,429,19790,-0.01379310344827589
752,2001-02-21,440,440,420,429,22700,0.0
753,2001-02-22,422,422,398,407,17120,-0.05128205128205132
754,2001-02-23,416,456,416,440,87220,0.08108108108108114
755,2001-02-26,446,446,428,439,33940,-0.002272727272727315
756,2001-02-27,443,443,425,426,24190,-0.029612756264236872
757,2001-02-28,434,434,405,432,24320,0.014084507042253502
758,2001-03-02,431,434,416,426,20950,-0.01388888888888884
759,2001-03-05,419,428,416,422,11080,-0.009389671361502372
760,2001-03-06,422,453,422,441,43990,0.04502369668246442
761,2001-03-07,451,472,443,459,68880,0.04081632653061229
762,2001-03-08,471,527,453,520,158390,0.13289760348583868
763,2001-03-09,520,575,517,539,181320,0.03653846153846163
764,2001-03-12,538,563,523,541,113300,0.0037105751391466324
765,2001-03-13,521,521,494,495,71460,-0.08502772643253231
766,2001-03-14,499,532,499,505,45890,0.02020202020202011
767,2001-03-15,486,489,465,483,28120,-0.0435643564356436
768,2001-03-16,489,504,472,502,29220,0.039337474120082705
769,2001-03-19,502,502,477,478,21970,-0.047808764940239
770,2001-03-20,492,512,483,499,23180,0.043933054393305415
771,2001-03-21,480,502,477,495,25400,-0.008016032064128265
772,2001-03-22,478,502,478,499,31940,0.008080808080808133
773,2001-03-23,508,568,502,539,141650,0.08016032064128265
774,2001-03-26,544,581,544,571,109630,0.05936920222634501
775,2001-03-27,576,590,557,567,92190,-0.007005253940455369
776,2001-03-28,563,575,529,529,62760,-0.06701940035273368
777,2001-03-29,521,539,505,508,40670,-0.03969754253308133
778,2001-03-30,499,519,483,496,40860,-0.023622047244094446
779,2001-04-02,495,495,471,476,29830,-0.040322580645161255
780,2001-04-03,460,477,450,459,33990,-0.0357142857142857
781,2001-04-04,447,471,440,465,51840,0.013071895424836555
782,2001-04-06,477,482,450,451,30810,-0.03010752688172047
783,2001-04-09,447,470,447,447,27060,-0.008869179600886956
784,2001-04-10,450,456,434,438,32870,-0.020134228187919434
785,2001-04-11,438,455,438,443,25520,0.011415525114155223
786,2001-04-12,447,461,446,459,28690,0.03611738148984189
787,2001-04-13,483,483,459,470,23680,0.023965141612200425
788,2001-04-16,471,481,467,478,22170,0.017021276595744705
789,2001-04-17,483,483,453,456,22190,-0.046025104602510414
790,2001-04-18,459,474,453,460,23430,0.00877192982456143
791,2001-04-19,472,489,465,484,53500,0.05217391304347818
792,2001-04-20,489,514,480,491,23610,0.01446280991735538
793,2001-04-23,507,507,476,476,23930,-0.03054989816700615
794,2001-04-24,477,494,459,471,20600,-0.010504201680672232
795,2001-04-25,477,486,465,484,16160,0.027600849256900206
796,2001-04-26,483,501,480,484,36340,0.0
797,2001-04-27,483,488,475,487,9460,0.006198347107438051
798,2001-04-30,485,495,483,484,23580,-0.006160164271047264
799,2001-05-02,466,495,466,481,23090,-0.006198347107438051
800,2001-05-03,477,483,475,481,11080,0.0
801,2001-05-04,480,492,478,490,25890,0.018711018711018657
802,2001-05-07,493,495,479,491,20680,0.0020408163265306367
803,2001-05-08,492,526,488,502,39090,0.022403258655804503
804,2001-05-09,508,514,496,508,26130,0.01195219123505975
805,2001-05-10,502,520,502,520,20140,0.023622047244094446
806,2001-05-11,520,537,514,520,22030,0.0
807,2001-05-14,526,538,520,533,26790,0.02499999999999991
808,2001-05-15,527,537,503,520,31170,-0.024390243902439046
809,2001-05-16,535,535,508,530,16100,0.019230769230769162
810,2001-05-17,514,538,505,528,73100,-0.0037735849056603765
811,2001-05-18,508,533,508,527,49290,-0.0018939393939394478
812,2001-05-21,521,532,514,527,34450,0.0
813,2001-05-22,529,535,520,525,45270,-0.003795066413662229
814,2001-05-23,532,532,518,524,29500,-0.0019047619047618536
815,2001-05-24,514,532,514,516,16620,-0.01526717557251911
816,2001-05-25,532,532,502,508,24010,-0.015503875968992276
817,2001-05-28,551,581,514,518,116570,0.019685039370078705
818,2001-05-29,514,532,508,508,35330,-0.019305019305019266
819,2001-05-30,505,514,486,514,111140,0.011811023622047223
820,2001-05-31,514,538,508,510,72870,-0.0077821011673151474
821,2001-06-01,509,514,490,496,31000,-0.027450980392156876
822,2001-06-04,498,505,489,492,17540,-0.008064516129032251
823,2001-06-05,492,495,480,484,40950,-0.016260162601625994
824,2001-06-07,483,486,480,484,21570,0.0
825,2001-06-08,484,492,481,487,32150,0.006198347107438051
826,2001-06-11,489,493,475,480,22620,-0.014373716632443578
827,2001-06-12,476,483,465,469,30340,-0.022916666666666696
828,2001-06-13,470,476,465,473,29650,0.008528784648187626
829,2001-06-14,480,480,467,481,26830,0.016913319238900604
830,2001-06-15,472,480,468,477,21070,-0.008316008316008316
831,2001-06-18,477,486,471,483,43030,0.012578616352201255
832,2001-06-19,484,492,478,490,58780,0.01449275362318847
833,2001-06-20,489,489,475,477,25900,-0.026530612244897944
834,2001-06-21,477,480,472,476,13730,-0.002096436058700246
835,2001-06-22,480,483,471,473,27180,-0.006302521008403339
836,2001-06-25,471,474,459,465,21660,-0.016913319238900604
837,2001-06-26,465,480,462,466,63970,0.0021505376344086446
838,2001-06-27,465,469,454,465,14970,-0.0021459227467811592
839,2001-06-28,473,473,459,465,15520,0.0
840,2001-06-29,462,471,459,468,16540,0.006451612903225712
841,2001-07-02,462,474,462,471,10400,0.0064102564102563875
842,2001-07-03,465,477,462,473,25000,0.00424628450106157
843,2001-07-04,474,489,474,478,27640,0.010570824524312794
844,2001-07-05,486,486,468,476,10810,-0.004184100418409997
845,2001-07-06,474,474,459,460,19150,-0.03361344537815125
846,2001-07-09,453,456,423,426,16700,-0.07391304347826089
847,2001-07-10,428,434,423,429,8930,0.007042253521126751
848,2001-07-11,416,434,416,421,5810,-0.018648018648018683
849,2001-07-12,422,436,422,437,7100,0.03800475059382413
850,2001-07-13,437,447,431,431,14960,-0.013729977116704761
851,2001-07-16,434,434,422,429,4280,-0.004640371229698403
852,2001-07-18,436,436,422,426,9210,-0.006993006993006978
853,2001-07-19,424,424,416,419,6770,-0.016431924882629123
854,2001-07-20,414,425,412,421,5480,0.004773269689737569
855,2001-07-23,421,421,407,407,6560,-0.0332541567695962
856,2001-07-24,398,405,379,404,11700,-0.0073710073710073765
857,2001-07-25,386,404,384,392,4020,-0.02970297029702973
858,2001-07-26,394,402,392,393,15180,0.0025510204081633514
859,2001-07-27,398,405,398,400,10700,0.01781170483460559
860,2001-07-30,400,400,391,392,9350,-0.020000000000000018
861,2001-07-31,391,398,391,398,5000,0.015306122448979664
862,2001-08-01,391,405,391,405,9080,0.017587939698492372
863,2001-08-02,407,410,400,402,8600,-0.007407407407407418
864,2001-08-03,402,405,398,402,16090,0.0
865,2001-08-06,401,415,401,403,24290,0.0024875621890547706
866,2001-08-07,402,405,393,403,12580,0.0
867,2001-08-08,398,408,398,404,18430,0.002481389578163684
868,2001-08-09,392,401,392,393,16180,-0.027227722772277252
869,2001-08-10,398,401,394,397,3460,0.010178117048346147
870,2001-08-13,398,398,393,397,6330,0.0
871,2001-08-14,398,404,398,404,13330,0.017632241813602123
872,2001-08-16,402,404,395,402,31160,-0.004950495049504955
873,2001-08-17,404,408,398,408,35540,0.014925373134328401
874,2001-08-20,409,415,401,415,21610,0.017156862745097978
875,2001-08-21,417,424,407,408,25990,-0.016867469879518038
876,2001-08-22,407,416,404,405,17450,-0.007352941176470562
877,2001-08-23,399,410,399,404,10610,-0.0024691358024691024
878,2001-08-24,399,403,394,396,11780,-0.01980198019801982
879,2001-08-27,396,407,396,404,10880,0.02020202020202011
880,2001-08-28,399,405,394,404,22360,0.0
881,2001-08-29,402,405,388,389,30290,-0.03712871287128716
882,2001-08-30,384,384,370,381,13030,-0.020565552699228773
883,2001-08-31,368,379,364,372,16420,-0.023622047244094446
884,2001-09-03,361,371,361,361,7690,-0.029569892473118253
885,2001-09-04,361,371,361,364,4260,0.008310249307479145
886,2001-09-05,367,367,361,364,4950,0.0
887,2001-09-06,364,372,364,367,9250,0.008241758241758212
888,2001-09-07,364,372,358,367,6620,0.0
889,2001-09-10,369,372,361,368,7240,0.0027247956403269047
890,2001-09-11,369,372,366,367,13680,-0.0027173913043477826
891,2001-09-12,312,330,312,312,32850,-0.14986376021798364
892,2001-09-13,321,336,312,337,29600,0.08012820512820507
893,2001-09-14,333,333,295,306,27640,-0.09198813056379818
894,2001-09-17,306,306,277,290,6060,-0.05228758169934644
895,2001-09-18,290,312,290,309,17100,0.06551724137931036
896,2001-09-19,312,324,309,321,14370,0.03883495145631066
897,2001-09-20,324,368,318,369,93920,0.14953271028037385
898,2001-09-21,368,368,349,367,16940,-0.005420054200542035
899,2001-09-24,367,398,358,383,28390,0.043596730245231585
900,2001-09-25,397,397,373,383,20650,0.0
901,2001-09-26,383,397,369,371,14680,-0.031331592689295085
902,2001-09-27,374,379,373,375,7710,0.010781671159029615
903,2001-09-28,375,388,371,386,7470,0.029333333333333433
904,2001-10-04,391,410,388,393,17160,0.0181347150259068
905,2001-10-05,393,415,393,410,22100,0.04325699745547085
906,2001-10-08,410,440,401,432,29230,0.0536585365853659
907,2001-10-09,428,443,428,435,38670,0.00694444444444442
908,2001-10-10,431,431,416,428,5430,-0.016091954022988464
909,2001-10-11,420,434,420,427,3580,-0.002336448598130869
910,2001-10-12,423,430,398,418,16460,-0.021077283372365363
911,2001-10-15,409,416,396,396,5040,-0.052631578947368474
912,2001-10-16,390,410,390,410,4950,0.03535353535353525
913,2001-10-17,401,413,398,403,10160,-0.017073170731707332
914,2001-10-18,398,408,394,408,3360,0.012406947890818865
915,2001-10-19,410,416,398,416,11960,0.019607843137254832
916,2001-10-22,428,428,413,419,1810,0.007211538461538547
917,2001-10-23,418,425,410,418,3070,-0.0023866348448687846
918,2001-10-24,416,420,407,411,3500,-0.01674641148325362
919,2001-10-25,419,419,407,413,4180,0.0048661800486617945
920,2001-10-26,407,417,398,407,7250,-0.014527845036319653
921,2001-10-29,409,409,399,400,6040,-0.017199017199017175
922,2001-10-30,394,394,386,392,5420,-0.020000000000000018
923,2001-10-31,385,398,385,399,5600,0.017857142857142794
924,2001-11-01,402,402,388,401,5120,0.005012531328320913
925,2001-11-02,394,410,387,398,19120,-0.007481296758104716
926,2001-11-05,398,398,385,399,21020,0.002512562814070307
927,2001-11-06,401,403,393,400,9120,0.0025062656641603454
928,2001-11-07,403,403,390,393,4710,-0.01749999999999996
929,2001-11-08,386,399,386,397,6350,0.010178117048346147
930,2001-11-09,391,399,390,392,3710,-0.012594458438287104
931,2001-11-12,388,397,388,397,9370,0.012755102040816313
932,2001-11-13,394,402,394,401,7400,0.010075566750629816
933,2001-11-14,402,412,392,409,12880,0.01995012468827939
934,2001-11-15,409,410,401,409,5350,0.0
935,2001-11-16,409,411,404,411,5590,0.004889975550122161
936,2001-11-19,410,416,405,410,28120,-0.0024330900243308973
937,2001-11-20,416,422,410,413,8470,0.007317073170731714
938,2001-11-21,413,420,405,407,3480,-0.014527845036319653
939,2001-11-22,404,410,404,407,4770,0.0
940,2001-11-23,404,421,404,419,20030,0.029484029484029506
941,2001-11-26,418,448,418,446,22310,0.06443914081145574
942,2001-11-27,445,445,429,429,21290,-0.03811659192825112
943,2001-11-28,439,439,418,419,7120,-0.023310023310023298
944,2001-11-29,416,425,407,410,6640,-0.021479713603818618
945,2001-11-30,410,431,410,423,8420,0.03170731707317076
946,2001-12-03,416,437,416,430,19430,0.016548463356973908
947,2001-12-04,437,440,426,435,10170,0.011627906976744207
948,2001-12-05,447,452,438,438,32190,0.006896551724137945
949,2001-12-06,447,450,439,442,10630,0.009132420091324311
950,2001-12-07,439,457,439,457,19350,0.03393665158371051
951,2001-12-10,457,459,443,449,10660,-0.017505470459518557
952,2001-12-11,450,451,438,441,13660,-0.017817371937639215
953,2001-12-12,439,450,438,443,5180,0.0045351473922903285
954,2001-12-13,453,453,442,453,21620,0.02257336343115135
955,2001-12-14,453,453,442,450,12730,-0.0066225165562914245
956,2001-12-17,448,450,441,450,11920,0.0
957,2001-12-18,451,454,443,444,11210,-0.013333333333333308
958,2001-12-19,450,450,437,441,11540,-0.006756756756756799
959,2001-12-20,440,445,435,441,3650,0.0
960,2001-12-21,441,443,435,439,7180,-0.0045351473922902175
961,2001-12-24,437,447,437,442,4330,0.006833712984054774
962,2001-12-26,489,489,450,458,24960,0.03619909502262453
963,2001-12-27,456,456,440,441,7250,-0.037117903930131035
964,2001-12-28,441,456,440,446,4990,0.01133786848072571
965,2002-01-02,440,453,440,447,7230,0.0022421524663676085
966,2002-01-03,446,453,440,446,20780,-0.0022371364653244186
967,2002-01-04,449,483,440,449,10360,0.006726457399103047
968,2002-01-07,447,453,438,453,21290,0.008908685968819663
969,2002-01-08,447,451,441,449,10110,-0.008830022075055233
970,2002-01-09,441,447,441,447,12930,-0.0044543429844098315
971,2002-01-10,442,447,440,441,14040,-0.01342281879194629
972,2002-01-11,434,443,432,438,12080,-0.006802721088435382
973,2002-01-14,437,437,426,432,11000,-0.013698630136986356
974,2002-01-15,426,426,419,423,6300,-0.02083333333333337
975,2002-01-16,413,424,388,417,12480,-0.014184397163120588
976,2002-01-17,416,422,409,423,5840,0.014388489208633004
977,2002-01-18,422,426,416,427,3650,0.009456264775413725
978,2002-01-21,426,426,420,421,1980,-0.014051522248243575
979,2002-01-22,420,422,410,414,8920,-0.016627078384798155
980,2002-01-23,410,434,409,435,7260,0.050724637681159424
981,2002-01-24,434,434,417,426,9830,-0.020689655172413834
982,2002-01-25,428,439,428,430,12920,0.009389671361502261
983,2002-01-28,430,456,429,445,17884,0.03488372093023262
984,2002-01-29,435,477,435,478,39070,0.07415730337078652
985,2002-01-30,472,500,471,476,37150,-0.004184100418409997
986,2002-01-31,483,497,475,490,38360,0.02941176470588225
987,2002-02-01,489,489,460,460,19980,-0.061224489795918324
988,2002-02-04,454,475,450,454,13590,-0.013043478260869601
989,2002-02-05,453,459,447,457,4140,0.0066079295154184425
990,2002-02-06,453,462,451,456,6190,-0.002188183807439792
991,2002-02-07,438,468,434,441,18650,-0.03289473684210531
992,2002-02-08,435,458,435,459,8200,0.04081632653061229
993,2002-02-14,458,462,454,454,11290,-0.01089324618736387
994,2002-02-15,453,465,450,465,9820,0.02422907488986792
995,2002-02-18,465,493,465,487,36130,0.047311827956989294
996,2002-02-19,495,502,479,496,44230,0.01848049281314168
997,2002-02-20,495,502,471,492,18570,-0.008064516129032251
998,2002-02-21,495,502,486,502,18923,0.020325203252032464
999,2002-02-22,492,514,490,513,34960,0.021912350597609542
1000,2002-02-25,514,532,506,513,29863,0.0
1001,2002-02-26,517,524,507,517,11420,0.007797270955165692
1002,2002-02-27,517,525,500,502,13030,-0.029013539651837505
1003,2002-02-28,502,517,487,514,49320,0.0239043824701195
1004,2002-03-04,520,520,500,511,33370,-0.005836575875486361
1005,2002-03-05,505,507,489,495,16900,-0.03131115459882583
1006,2002-03-06,489,502,486,490,17460,-0.010101010101010055
1007,2002-03-07,495,502,478,479,8810,-0.022448979591836782
1008,2002-03-08,478,488,475,478,17180,-0.0020876826722338038
1009,2002-03-11,480,480,459,471,25930,-0.014644351464435101
1010,2002-03-12,477,485,471,471,18580,0.0
1011,2002-03-13,472,492,471,490,38420,0.04033970276008492
1012,2002-03-14,489,489,478,480,10960,-0.020408163265306145
1013,2002-03-15,480,494,480,490,21490,0.02083333333333326
1014,2002-03-18,489,520,487,516,90110,0.05306122448979589
1015,2002-03-19,537,581,537,568,180000,0.10077519379844957
1016,2002-03-20,574,574,551,552,92140,-0.028169014084507005
1017,2002-03-21,557,630,548,599,179730,0.08514492753623193
1018,2002-03-22,593,611,582,611,67120,0.02003338898163598
1019,2002-03-25,606,667,590,649,157200,0.06219312602291316
1020,2002-03-26,630,691,630,674,188510,0.03852080123266566
1021,2002-03-27,673,685,646,658,100714,-0.023738872403560873
1022,2002-03-28,661,734,655,716,200826,0.08814589665653494
1023,2002-03-29,734,734,691,698,92440,-0.025139664804469275
1024,2002-04-01,685,716,661,674,137780,-0.034383954154727836
1025,2002-04-02,661,691,661,661,75230,-0.01928783382789323
1026,2002-04-03,685,685,639,643,111550,-0.027231467473525006
1027,2002-04-04,630,667,624,655,65280,0.018662519440124425
1028,2002-04-08,642,658,600,631,50330,-0.036641221374045796
1029,2002-04-09,624,624,557,584,106530,-0.0744849445324881
1030,2002-04-10,584,590,563,569,38070,-0.025684931506849362
1031,2002-04-11,574,612,574,582,23940,0.02284710017574687
1032,2002-04-12,582,642,582,643,31920,0.10481099656357395
1033,2002-04-15,633,667,633,643,12960,0.0
1034,2002-04-16,642,664,621,643,21230,0.0
1035,2002-04-17,642,652,627,640,9700,-0.004665629860031051
1036,2002-04-18,639,673,639,655,46311,0.0234375
1037,2002-04-19,649,655,606,609,14250,-0.07022900763358775
1038,2002-04-22,593,609,557,566,16610,-0.07060755336617408
1039,2002-04-23,560,581,539,539,35170,-0.04770318021201414
1040,2002-04-24,539,543,508,509,15720,-0.05565862708719849
1041,2002-04-25,502,510,489,491,45560,-0.035363457760314354
1042,2002-04-26,492,511,486,487,5710,-0.008146639511201648
1043,2002-04-29,495,501,486,490,11970,0.006160164271047153
1044,2002-04-30,493,541,491,507,21550,0.03469387755102038
1045,2002-05-02,513,546,513,545,15890,0.07495069033530566
1046,2002-05-03,540,540,495,515,21460,-0.05504587155963303
1047,2002-05-06,515,525,508,508,5770,-0.013592233009708687
1048,2002-05-07,492,520,492,500,6770,-0.015748031496062964
1049,2002-05-08,502,511,502,504,9340,0.008000000000000007
1050,2002-05-09,503,526,503,509,57160,0.009920634920634885
1051,2002-05-10,511,516,491,497,3180,-0.023575638506876273
1052,2002-05-13,495,510,489,494,4530,-0.006036217303822977
1053,2002-05-14,502,511,502,503,2410,0.018218623481781382
1054,2002-05-15,509,520,505,507,6130,0.007952286282306265
1055,2002-05-16,510,511,502,503,2460,-0.007889546351084853
1056,2002-05-17,508,514,507,514,15560,0.021868787276341894
1057,2002-05-20,517,517,489,505,13540,-0.017509727626459193
1058,2002-05-21,502,507,490,491,4400,-0.027722772277227747
1059,2002-05-22,492,495,486,490,3310,-0.0020366598778004397
1060,2002-05-23,507,508,486,487,18510,-0.006122448979591799
1061,2002-05-24,497,497,474,478,11670,-0.01848049281314168
1062,2002-05-27,471,495,471,478,10302,0.0
1063,2002-05-28,477,477,459,461,10110,-0.03556485355648531
1064,2002-05-29,471,471,431,432,25730,-0.06290672451193058
1065,2002-05-30,432,496,432,445,67230,0.03009259259259256
1066,2002-05-31,453,470,434,441,39420,-0.008988764044943864
1067,2002-06-03,442,451,435,444,9720,0.006802721088435382
1068,2002-06-04,432,442,429,441,9190,-0.006756756756756799
1069,2002-06-05,440,458,435,443,23740,0.0045351473922903285
1070,2002-06-07,434,445,425,430,17420,-0.02934537246049662
1071,2002-06-10,432,447,428,441,7880,0.0255813953488373
1072,2002-06-11,434,441,434,438,5530,-0.006802721088435382
1073,2002-06-12,439,439,432,432,8480,-0.013698630136986356
1074,2002-06-14,431,444,429,430,28260,-0.00462962962962965
1075,2002-06-17,429,437,416,426,28180,-0.009302325581395321
1076,2002-06-18,431,447,425,432,32910,0.014084507042253502
1077,2002-06-19,434,447,410,410,26650,-0.05092592592592593
1078,2002-06-20,404,422,404,415,8500,0.012195121951219523
1079,2002-06-21,426,426,407,408,21790,-0.016867469879518038
1080,2002-06-24,407,409,388,391,8620,-0.04166666666666663
1081,2002-06-25,391,434,391,416,60340,0.0639386189258313
1082,2002-06-26,398,401,373,396,46420,-0.04807692307692313
1083,2002-06-27,396,451,391,448,59270,0.13131313131313127
1084,2002-06-28,428,476,428,476,72400,0.0625
1085,2002-07-02,475,475,454,465,12380,-0.02310924369747902
1086,2002-07-03,465,492,443,459,43190,-0.012903225806451646
1087,2002-07-04,450,464,434,436,55330,-0.050108932461873645
1088,2002-07-05,439,450,435,444,94120,0.0183486238532109
1089,2002-07-08,454,467,437,451,24850,0.015765765765765716
1090,2002-07-09,450,471,443,471,42135,0.04434589800443467
1091,2002-07-10,470,489,462,466,16160,-0.010615711252653925
1092,2002-07-11,462,471,443,444,44180,-0.047210300429184504
1093,2002-07-12,448,451,439,449,23310,0.011261261261261257
1094,2002-07-15,443,454,439,441,15320,-0.017817371937639215
1095,2002-07-16,440,440,420,429,21210,-0.027210884353741527
1096,2002-07-18,428,428,410,429,25350,0.0
1097,2002-07-19,419,428,416,423,5782,-0.013986013986013957
1098,2002-07-22,399,409,379,383,33080,-0.09456264775413714
1099,2002-07-23,379,402,373,403,11380,0.052219321148825104
1100,2002-07-24,396,398,379,381,8230,-0.05459057071960294
1101,2002-07-25,387,397,383,386,23720,0.013123359580052396
1102,2002-07-26,391,398,368,368,19250,-0.04663212435233166
1103,2002-07-29,373,373,360,368,29030,0.0
1104,2002-07-30,371,379,369,374,18592,0.016304347826086918
1105,2002-07-31,379,379,371,374,12670,0.0
1106,2002-08-01,373,376,368,368,12320,-0.016042780748663055
1107,2002-08-02,368,372,358,367,24450,-0.0027173913043477826
1108,2002-08-05,355,372,355,367,53130,0.0
1109,2002-08-06,370,382,368,370,4700,0.008174386920980936
1110,2002-08-07,371,382,370,375,7470,0.013513513513513598
1111,2002-08-08,376,382,376,377,5670,0.005333333333333412
1112,2002-08-09,381,404,381,394,15430,0.04509283819628651
1113,2002-08-12,402,402,388,391,17780,-0.0076142131979695105
1114,2002-08-13,388,403,388,404,17530,0.03324808184143224
1115,2002-08-14,401,422,398,416,35400,0.02970297029702973
1116,2002-08-16,416,437,416,424,28370,0.019230769230769162
1117,2002-08-19,429,431,413,423,9320,-0.002358490566037763
1118,2002-08-20,422,435,422,435,19850,0.028368794326241176
1119,2002-08-21,429,443,429,442,4970,0.016091954022988464
1120,2002-08-22,429,454,429,447,40560,0.011312217194570096
1121,2002-08-23,450,464,450,453,14030,0.01342281879194629
1122,2002-08-26,453,459,447,449,5550,-0.008830022075055233
1123,2002-08-27,448,453,448,449,14580,0.0
1124,2002-08-28,442,450,442,449,14170,0.0
1125,2002-08-29,444,448,444,445,1120,-0.008908685968819552
1126,2002-08-30,447,463,447,459,14160,0.03146067415730336
1127,2002-09-02,459,464,453,465,2380,0.013071895424836555
1128,2002-09-03,465,465,459,465,3890,0.0
1129,2002-09-04,453,458,440,447,28140,-0.03870967741935483
1130,2002-09-05,447,459,447,459,4050,0.02684563758389258
1131,2002-09-06,447,464,440,447,40550,-0.02614379084967322
1132,2002-09-09,447,460,447,448,12450,0.0022371364653244186
1133,2002-09-10,447,462,447,459,6880,0.024553571428571397
1134,2002-09-11,459,459,450,456,4110,-0.006535947712418277
1135,2002-09-12,447,459,447,448,1751,-0.01754385964912286
1136,2002-09-13,448,450,444,447,10870,-0.0022321428571429047
1137,2002-09-16,450,457,450,450,10950,0.006711409395973256
1138,2002-09-17,453,475,453,459,3820,0.020000000000000018
1139,2002-09-18,453,462,450,456,3530,-0.006535947712418277
1140,2002-09-19,461,465,453,462,3480,0.013157894736842035
1141,2002-09-23,459,468,448,451,15190,-0.023809523809523836
1142,2002-09-24,450,462,446,459,8290,0.017738359201773912
1143,2002-09-25,459,460,437,453,28040,-0.013071895424836555
1144,2002-09-26,488,488,385,454,10713,0.002207505518763808
1145,2002-09-27,454,455,439,450,6000,-0.008810572687224627
1146,2002-09-30,407,445,407,429,1620,-0.046666666666666634
1147,2002-10-01,416,440,416,420,847,-0.020979020979020935
1148,2002-10-02,428,458,422,431,1340,0.026190476190476097
1149,2002-10-04,431,443,431,440,2280,0.02088167053364276
1150,2002-10-07,440,440,388,399,9957,-0.09318181818181814
1151,2002-10-08,420,420,401,416,1230,0.04260651629072676
1152,2002-10-09,410,424,410,416,1020,0.0
1153,2002-10-10,407,410,384,410,4550,-0.014423076923076872
1154,2002-10-11,428,428,410,419,2040,0.02195121951219514
1155,2002-10-14,428,431,410,427,3270,0.019093078758949833
1156,2002-10-15,418,431,418,429,5690,0.004683840749414525
1157,2002-10-16,428,431,428,429,5240,0.0
1158,2002-10-17,413,423,413,418,7383,-0.02564102564102566
1159,2002-10-18,413,427,413,423,17710,0.011961722488038173
1160,2002-10-21,410,422,410,414,11410,-0.021276595744680882
1161,2002-10-22,413,415,407,408,18280,-0.01449275362318836
1162,2002-10-23,407,412,399,408,43800,0.0
1163,2002-10-24,407,415,407,410,13180,0.004901960784313708
1164,2002-10-25,415,415,407,411,350,0.0024390243902439046
1165,2002-10-28,410,412,407,410,11370,-0.0024330900243308973
1166,2002-10-29,410,415,408,408,11080,-0.004878048780487809
1167,2002-10-30,406,410,399,401,17320,-0.01715686274509809
1168,2002-10-31,403,405,399,400,10590,-0.0024937655860348684
1169,2002-11-01,401,404,393,396,6130,-0.010000000000000009
1170,2002-11-04,398,401,395,398,8710,0.005050505050504972
1171,2002-11-05,398,401,397,398,12830,0.0
1172,2002-11-06,399,401,398,401,9850,0.007537688442211143
1173,2002-11-07,398,404,398,399,12190,-0.004987531172069848
1174,2002-11-08,398,410,396,397,5480,-0.005012531328320802
1175,2002-11-11,397,403,394,396,5790,-0.0025188916876573986
1176,2002-11-12,386,391,384,389,41810,-0.017676767676767624
1177,2002-11-13,388,390,386,389,4010,0.0
1178,2002-11-14,388,403,386,404,3880,0.03856041131105403
1179,2002-11-15,399,402,385,389,10181,-0.03712871287128716
1180,2002-11-18,398,398,390,393,15570,0.010282776349614497
1181,2002-11-19,392,396,388,393,4080,0.0
1182,2002-11-20,392,402,392,393,14610,0.0
1183,2002-11-21,394,399,393,399,78100,0.01526717557251911
1184,2002-11-22,419,419,399,400,20660,0.0025062656641603454
1185,2002-11-25,409,409,401,404,17719,0.010000000000000009
1186,2002-11-26,403,405,399,405,21670,0.0024752475247524774
1187,2002-11-27,398,405,398,404,41960,-0.0024691358024691024
1188,2002-11-28,409,413,405,410,44510,0.014851485148514865
1189,2002-11-29,406,413,403,411,20911,0.0024390243902439046
1190,2002-12-02,409,428,409,429,60190,0.04379562043795615
1191,2002-12-03,428,431,419,423,27929,-0.013986013986013957
1192,2002-12-04,413,420,413,419,19120,-0.009456264775413725
1193,2002-12-05,419,421,414,416,21750,-0.007159904534606243
1194,2002-12-06,414,416,412,413,7560,-0.007211538461538436
1195,2002-12-09,410,413,404,407,16150,-0.014527845036319653
1196,2002-12-10,402,408,402,406,11090,-0.002457002457002422
1197,2002-12-11,409,409,404,404,4720,-0.0049261083743842304
1198,2002-12-12,402,412,402,410,12190,0.014851485148514865
1199,2002-12-13,410,413,407,407,11810,-0.007317073170731714
1200,2002-12-16,407,407,404,405,5790,-0.004914004914004955
1201,2002-12-17,407,409,404,405,8480,0.0
1202,2002-12-18,404,411,404,410,21277,0.012345679012345734
1203,2002-12-20,407,418,407,412,21730,0.004878048780487809
1204,2002-12-23,416,418,401,401,21180,-0.02669902912621358
1205,2002-12-24,396,410,396,397,12020,-0.009975062344139696
1206,2002-12-26,396,404,394,404,15460,0.017632241813602123
1207,2002-12-27,383,394,373,383,5420,-0.051980198019802026
1208,2002-12-30,364,382,330,331,42290,-0.13577023498694518
1209,2003-01-02,330,340,329,337,12170,0.01812688821752273
1210,2003-01-03,345,355,342,352,17820,0.04451038575667665
1211,2003-01-06,358,358,345,349,3860,-0.008522727272727293
1212,2003-01-07,357,357,341,342,3840,-0.02005730659025784
1213,2003-01-08,338,349,338,343,5410,0.0029239766081872176
1214,2003-01-09,349,349,325,326,7060,-0.04956268221574345
1215,2003-01-10,336,338,321,327,9790,0.0030674846625766694
1216,2003-01-13,322,336,322,332,1980,0.015290519877675823
1217,2003-01-14,331,340,325,339,3060,0.02108433734939763
1218,2003-01-15,342,344,336,342,4500,0.008849557522123908
1219,2003-01-16,339,342,331,341,2610,-0.0029239766081871066
1220,2003-01-17,340,345,330,343,2190,0.0058651026392961825
1221,2003-01-20,328,341,328,340,4870,-0.008746355685131157
1222,2003-01-21,341,341,329,337,3900,-0.008823529411764675
1223,2003-01-22,330,336,318,321,2720,-0.047477744807121636
1224,2003-01-23,319,336,319,332,2470,0.03426791277258556
1225,2003-01-24,331,331,318,318,2460,-0.04216867469879515
1226,2003-01-27,318,318,303,304,3180,-0.04402515723270439
1227,2003-01-28,304,312,304,309,4780,0.016447368421052655
1228,2003-01-29,314,314,304,306,3100,-0.009708737864077666
1229,2003-01-30,306,317,303,318,630,0.03921568627450989
1230,2003-02-03,306,319,306,312,3080,-0.018867924528301883
1231,2003-02-04,312,316,309,317,5180,0.01602564102564097
1232,2003-02-05,312,315,312,315,720,-0.006309148264984188
1233,2003-02-06,309,317,309,317,1040,0.006349206349206327
1234,2003-02-07,306,314,303,306,5975,-0.034700315457413256
1235,2003-02-10,301,312,301,306,3130,0.0
1236,2003-02-11,309,309,301,304,5830,-0.006535947712418277
1237,2003-02-12,311,311,301,304,3822,0.0
1238,2003-02-13,306,308,303,305,1630,0.00328947368421062
1239,2003-02-14,307,307,306,306,3460,0.003278688524590123
1240,2003-02-17,303,317,303,314,10850,0.02614379084967311
1241,2003-02-18,313,318,312,317,2160,0.009554140127388644
1242,2003-02-19,317,327,317,327,9230,0.03154574132492116
1243,2003-02-20,328,328,323,327,530,0.0
1244,2003-02-21,328,328,315,323,4260,-0.012232415902140636
1245,2003-02-24,328,335,323,336,9780,0.04024767801857587
1246,2003-02-25,336,336,320,325,11700,-0.03273809523809523
1247,2003-02-26,324,342,324,342,14660,0.05230769230769239
1248,2003-02-27,336,342,324,332,19350,-0.0292397660818714
1249,2003-02-28,325,336,325,331,3140,-0.003012048192771122
1250,2003-03-03,336,336,325,333,1910,0.0060422960725075026
1251,2003-03-04,326,330,324,325,3750,-0.024024024024024038
1252,2003-03-05,319,324,313,324,1560,-0.003076923076923088
1253,2003-03-06,321,321,306,315,4140,-0.02777777777777779
1254,2003-03-07,314,314,306,315,1210,0.0
1255,2003-03-10,300,314,300,306,4410,-0.02857142857142858
1256,2003-03-11,301,310,301,310,8830,0.013071895424836555
1257,2003-03-12,284,312,284,312,2750,0.006451612903225712
1258,2003-03-13,312,312,287,301,14620,-0.03525641025641024
1259,2003-03-14,304,304,290,299,13330,-0.006644518272425293
1260,2003-03-17,303,303,287,288,4530,-0.03678929765886285
1261,2003-03-18,288,299,288,292,4160,0.01388888888888884
1262,2003-03-19,291,296,282,296,10620,0.013698630136986356
1263,2003-03-20,295,309,295,310,10760,0.04729729729729737
1264,2003-03-21,313,313,304,312,1650,0.006451612903225712
1265,2003-03-24,317,317,307,308,4530,-0.012820512820512775
1266,2003-03-25,306,306,302,302,5790,-0.01948051948051943
1267,2003-03-26,311,312,303,312,2470,0.0331125827814569
1268,2003-03-27,305,305,302,306,410,-0.019230769230769273
1269,2003-03-28,314,314,303,309,1640,0.009803921568627416
1270,2003-03-31,312,312,309,309,20,0.0
1271,2003-04-01,306,306,300,301,1880,-0.02588996763754048
1272,2003-04-02,300,308,300,304,1610,0.009966777408637828
1273,2003-04-03,306,311,304,310,2760,0.019736842105263053
1274,2003-04-04,306,311,301,307,6030,-0.009677419354838679
1275,2003-04-07,311,323,306,323,7110,0.05211726384364823
1276,2003-04-08,323,329,317,320,8450,-0.009287925696594423
1277,2003-04-09,319,324,313,321,1690,0.0031250000000000444
1278,2003-04-10,326,329,326,329,4550,0.024922118380062308
1279,2003-04-11,324,342,324,331,18440,0.006079027355623046
1280,2003-04-14,339,339,331,337,2789,0.01812688821752273
1281,2003-04-15,336,343,334,343,26210,0.017804154302670572
1282,2003-04-16,343,351,339,349,18410,0.017492711370262315
1283,2003-04-17,343,355,339,351,13920,0.005730659025787954
1284,2003-04-18,352,359,352,357,6710,0.017094017094017033
1285,2003-04-21,355,356,352,355,7061,-0.0056022408963585235
1286,2003-04-22,352,352,338,347,10450,-0.022535211267605604
1287,2003-04-23,349,360,349,355,4060,0.023054755043227626
1288,2003-04-24,344,352,344,344,8430,-0.030985915492957705
1289,2003-04-25,336,336,324,325,6140,-0.05523255813953487
1290,2003-04-28,324,330,318,324,3020,-0.003076923076923088
1291,2003-04-29,324,338,324,338,2890,0.043209876543209846
1292,2003-04-30,339,342,338,342,2980,0.01183431952662728
1293,2003-05-02,339,342,336,340,5770,-0.005847953216374324
1294,2003-05-06,343,348,339,348,3620,0.0235294117647058
1295,2003-05-07,343,348,338,345,3450,-0.008620689655172376
1296,2003-05-09,344,349,331,339,2620,-0.017391304347826098
1297,2003-05-12,343,347,341,345,7200,0.017699115044247815
1298,2003-05-13,348,348,342,345,10450,0.0
1299,2003-05-14,344,344,338,345,1700,0.0
1300,2003-05-15,345,345,338,345,2280,0.0
1301,2003-05-16,345,346,339,346,7880,0.0028985507246377384
1302,2003-05-19,345,345,334,342,6090,-0.011560693641618491
1303,2003-05-20,331,341,330,341,1530,-0.0029239766081871066
1304,2003-05-21,342,342,330,330,15470,-0.032258064516129004
1305,2003-05-22,338,338,327,329,11050,-0.00303030303030305
1306,2003-05-23,329,335,327,332,3810,0.00911854103343468
1307,2003-05-26,332,335,327,332,3680,0.0
1308,2003-05-27,326,338,326,331,6380,-0.003012048192771122
1309,2003-05-28,330,336,328,335,6560,0.012084592145015005
1310,2003-05-29,334,336,330,337,6520,0.005970149253731405
1311,2003-05-30,332,338,332,337,3200,0.0
1312,2003-06-02,331,338,331,336,13879,-0.0029673590504450953
1313,2003-06-03,338,338,333,336,6710,0.0
1314,2003-06-04,333,339,333,339,4480,0.008928571428571397
1315,2003-06-05,337,339,331,334,7710,-0.014749262536873142
1316,2003-06-09,331,341,331,342,13210,0.0239520958083832
1317,2003-06-10,335,341,335,341,1480,-0.0029239766081871066
1318,2003-06-11,336,342,336,338,7410,-0.008797653958944274
1319,2003-06-12,338,342,338,339,14960,0.002958579881656709
1320,2003-06-13,342,345,341,343,7550,0.01179941002949847
1321,2003-06-16,345,358,345,355,12410,0.03498542274052485
1322,2003-06-17,355,355,351,353,13970,-0.005633802816901401
1323,2003-06-18,353,353,349,353,4870,0.0
1324,2003-06-19,352,358,350,352,8730,-0.0028328611898017497
1325,2003-06-20,346,352,346,347,4760,-0.014204545454545414
1326,2003-06-23,342,349,341,341,10680,-0.01729106628242072
1327,2003-06-24,340,340,330,331,5810,-0.029325513196480912
1328,2003-06-25,330,333,329,334,11720,0.009063444108761365
1329,2003-06-26,330,330,326,329,12100,-0.014970059880239472
1330,2003-06-27,328,334,328,330,4830,0.003039513677811634
1331,2003-06-30,333,333,329,331,3700,0.003030303030302939
1332,2003-07-01,330,331,329,331,5500,0.0
1333,2003-07-02,333,341,333,341,7040,0.030211480362537735
1334,2003-07-03,342,343,339,339,6240,-0.0058651026392961825
1335,2003-07-04,337,340,336,340,2670,0.002949852507374562
1336,2003-07-07,341,342,336,343,5280,0.008823529411764675
1337,2003-07-08,343,349,339,348,14058,0.014577259475218707
1338,2003-07-09,349,349,335,342,8740,-0.017241379310344862
1339,2003-07-10,338,347,334,337,8890,-0.014619883040935644
1340,2003-07-11,333,339,333,339,2470,0.005934718100890191
1341,2003-07-14,336,339,333,339,9610,0.0
1342,2003-07-15,337,337,333,336,2241,-0.008849557522123908
1343,2003-07-16,333,341,333,335,2080,-0.0029761904761904656
1344,2003-07-18,324,334,324,332,3291,-0.008955223880596996
1345,2003-07-21,330,333,330,332,160,0.0
1346,2003-07-22,328,332,328,330,2670,-0.0060240963855421326
1347,2003-07-23,334,335,330,335,320,0.015151515151515138
1348,2003-07-24,334,335,327,331,6790,-0.011940298507462699
1349,2003-07-25,330,330,324,328,5700,-0.009063444108761365
1350,2003-07-28,324,330,324,331,3410,0.009146341463414531
1351,2003-07-29,330,330,326,328,710,-0.009063444108761365
1352,2003-07-30,325,333,324,330,490,0.0060975609756097615
1353,2003-07-31,331,332,325,328,1950,-0.0060606060606061
1354,2003-08-01,331,331,324,327,1970,-0.0030487804878048808
1355,2003-08-04,324,328,321,329,1550,0.006116207951070374
1356,2003-08-05,324,326,318,326,2140,-0.00911854103343468
1357,2003-08-06,318,321,318,321,3320,-0.015337423312883458
1358,2003-08-07,319,323,317,323,930,0.006230529595015577
1359,2003-08-08,324,330,308,324,13600,0.003095975232198178
1360,2003-08-11,317,322,317,318,13009,-0.01851851851851849
1361,2003-08-12,315,324,315,325,960,0.022012578616352307
1362,2003-08-13,319,323,319,323,16650,-0.006153846153846176
1363,2003-08-14,321,328,318,328,18211,0.015479876160990669
1364,2003-08-18,333,333,324,329,24060,0.0030487804878047697
1365,2003-08-19,329,342,327,340,43160,0.033434650455927084
1366,2003-08-20,334,339,327,330,6260,-0.02941176470588236
1367,2003-08-21,330,340,330,340,29720,0.030303030303030276
1368,2003-08-22,341,349,336,349,22140,0.026470588235294024
1369,2003-08-25,349,352,337,349,18750,0.0
1370,2003-08-26,349,349,344,347,2200,-0.005730659025787954
1371,2003-08-27,347,350,346,350,12030,0.008645533141210304
1372,2003-08-28,354,354,345,351,4070,0.0028571428571428914
1373,2003-08-29,346,349,342,349,4230,-0.005698005698005715
1374,2003-09-01,349,352,347,351,1930,0.005730659025787954
1375,2003-09-02,345,351,345,351,1621,0.0
1376,2003-09-03,355,356,349,356,6630,0.014245014245014342
1377,2003-09-04,360,373,358,364,14840,0.022471910112359605
1378,2003-09-05,367,373,359,374,9730,0.027472527472527375
1379,2003-09-08,370,373,360,367,5850,-0.018716577540106916
1380,2003-09-09,366,375,358,369,15220,0.005449591280654031
1381,2003-09-15,367,368,353,355,6890,-0.03794037940379402
1382,2003-09-16,364,364,352,361,6850,0.016901408450704203
1383,2003-09-17,355,363,355,356,2760,-0.013850415512465353
1384,2003-09-18,355,358,353,353,2060,-0.008426966292134797
1385,2003-09-19,355,358,353,353,4330,0.0
1386,2003-09-22,349,351,345,346,4920,-0.019830028328611915
1387,2003-09-23,342,342,338,342,1540,-0.011560693641618491
1388,2003-09-24,339,344,337,338,3770,-0.011695906432748537
1389,2003-09-25,338,340,322,334,12760,-0.011834319526627168
1390,2003-09-26,336,339,325,333,200,-0.0029940119760478723
1391,2003-09-29,338,338,324,331,1000,-0.006006006006005982
1392,2003-09-30,333,336,333,337,850,0.01812688821752273
1393,2003-10-01,330,333,324,328,2460,-0.02670623145400597
1394,2003-10-02,344,344,332,338,570,0.030487804878048808
1395,2003-10-06,338,338,338,338,1000,0.0
1396,2003-10-07,338,338,333,334,3050,-0.011834319526627168
1397,2003-10-08,333,341,331,336,2520,0.0059880239520957446
1398,2003-10-09,330,335,326,327,11200,-0.0267857142857143
1399,2003-10-10,336,336,327,328,3490,0.003058103975535076
1400,2003-10-13,330,344,330,342,1470,0.04268292682926833
1401,2003-10-14,342,342,334,342,3725,0.0
1402,2003-10-15,342,342,335,342,1900,0.0
1403,2003-10-16,342,342,336,342,3190,0.0
1404,2003-10-17,342,342,336,337,4910,-0.014619883040935644
1405,2003-10-20,336,341,336,340,1800,0.008902077151335286
1406,2003-10-21,334,344,334,345,220,0.014705882352941124
1407,2003-10-22,344,345,337,343,2650,-0.005797101449275366
1408,2003-10-23,334,339,328,329,3630,-0.04081632653061229
1409,2003-10-24,338,338,328,337,2750,0.024316109422492405
1410,2003-10-27,331,340,331,335,1380,-0.005934718100890191
1411,2003-10-28,331,343,331,342,4960,0.020895522388059806
1412,2003-10-29,342,355,342,344,14990,0.005847953216374213
1413,2003-10-30,342,352,342,344,6140,0.0
1414,2003-10-31,351,355,344,348,1620,0.011627906976744207
1415,2003-11-03,345,353,345,353,2200,0.014367816091954033
1416,2003-11-04,355,357,349,350,4310,-0.008498583569405138
1417,2003-11-05,345,364,345,362,5232,0.03428571428571425
1418,2003-11-06,358,364,355,355,7245,-0.01933701657458564
1419,2003-11-07,350,366,350,366,5510,0.030985915492957705
1420,2003-11-10,367,367,357,358,7290,-0.021857923497267784
1421,2003-11-11,352,361,352,359,2010,0.0027932960893854997
1422,2003-11-12,363,363,361,361,1332,0.0055710306406684396
1423,2003-11-13,363,363,361,362,5740,0.0027700831024930483
1424,2003-11-14,355,361,350,353,22520,-0.024861878453038666
1425,2003-11-17,349,355,349,349,10350,-0.011331444759206777
1426,2003-11-18,349,352,349,352,5810,0.008595988538681931
1427,2003-11-19,345,349,342,342,7060,-0.02840909090909094
1428,2003-11-20,348,348,336,337,19570,-0.014619883040935644
1429,2003-11-21,331,342,331,343,790,0.017804154302670572
1430,2003-11-24,337,349,337,349,4115,0.017492711370262315
1431,2003-11-25,343,354,343,353,620,0.011461318051575908
1432,2003-11-26,353,353,347,354,2090,0.0028328611898016387
1433,2003-11-27,343,350,343,350,580,-0.011299435028248594
1434,2003-11-28,353,360,349,355,15330,0.014285714285714235
1435,2003-12-01,355,363,352,361,9130,0.016901408450704203
1436,2003-12-02,371,376,361,374,29840,0.03601108033241007
1437,2003-12-03,364,385,364,370,361,-0.010695187165775444
1438,2003-12-04,375,376,369,370,9640,0.0
1439,2003-12-05,379,380,361,365,8190,-0.013513513513513487
1440,2003-12-08,361,379,355,374,2000,0.024657534246575352
1441,2003-12-09,361,376,361,373,40,-0.002673796791443861
1442,2003-12-10,358,372,358,366,3150,-0.018766756032171594
1443,2003-12-11,363,367,357,358,2570,-0.021857923497267784
1444,2003-12-12,356,367,356,364,1300,0.016759776536312776
1445,2003-12-15,372,372,362,372,1940,0.0219780219780219
1446,2003-12-16,363,388,361,378,8390,0.016129032258064502
1447,2003-12-17,373,391,373,380,6210,0.005291005291005346
1448,2003-12-18,375,386,375,384,18370,0.010526315789473717
1449,2003-12-19,385,391,377,378,18903,-0.015625
1450,2003-12-22,382,382,371,372,6630,-0.015873015873015928
1451,2003-12-23,379,379,349,358,4736,-0.037634408602150504
1452,2003-12-24,373,373,358,361,1090,0.008379888268156499
1453,2003-12-26,355,366,355,366,1310,0.013850415512465464
1454,2003-12-29,356,358,345,345,3616,-0.05737704918032782
1455,2003-12-30,355,355,343,345,34554,0.0
1456,2004-01-02,352,352,344,345,7250,0.0
1457,2004-01-05,349,350,343,349,42830,0.011594202898550732
1458,2004-01-06,349,349,341,341,9589,-0.022922636103151817
1459,2004-01-07,342,347,341,345,17760,0.011730205278592365
1460,2004-01-08,349,349,333,333,19700,-0.034782608695652195
1461,2004-01-09,324,342,324,335,5000,0.006006006006006093
1462,2004-01-12,331,333,324,325,15770,-0.02985074626865669
1463,2004-01-13,325,335,324,334,15530,0.027692307692307683
1464,2004-01-14,333,333,320,327,11760,-0.020958083832335328
1465,2004-01-15,329,330,324,331,32010,0.012232415902140747
1466,2004-01-16,332,333,326,326,1760,-0.015105740181268867
1467,2004-01-19,326,329,324,325,3270,-0.0030674846625766694
1468,2004-01-20,324,332,324,329,3720,0.012307692307692353
1469,2004-01-26,325,330,324,325,9840,-0.012158054711246202
1470,2004-01-27,325,339,325,340,14960,0.04615384615384621
1471,2004-01-28,351,351,331,337,4530,-0.008823529411764675
1472,2004-01-29,352,352,336,337,840,0.0
1473,2004-01-30,338,349,336,337,8760,0.0
1474,2004-02-02,336,342,336,343,4820,0.017804154302670572
1475,2004-02-03,344,345,342,343,7920,0.0
1476,2004-02-04,348,349,346,348,4330,0.014577259475218707
1477,2004-02-05,342,349,342,349,4320,0.002873563218390718
1478,2004-02-06,333,345,331,346,690,-0.008595988538681931
1479,2004-02-09,333,338,327,337,7860,-0.026011560693641633
1480,2004-02-10,336,337,336,337,5310,0.0
1481,2004-02-11,342,348,336,344,5920,0.020771513353115667
1482,2004-02-12,340,349,340,342,11820,-0.005813953488372103
1483,2004-02-13,339,347,325,338,1110,-0.011695906432748537
1484,2004-02-16,338,338,334,338,12940,0.0
1485,2004-02-17,355,355,342,343,5420,0.014792899408283988
1486,2004-02-18,342,349,342,343,1690,0.0
1487,2004-02-19,342,347,324,347,1200,0.011661807580174877
1488,2004-02-20,342,345,342,345,3180,-0.0057636887608069065
1489,2004-02-23,333,344,324,325,17720,-0.05797101449275366
1490,2004-02-24,325,336,325,328,3930,0.009230769230769154
1491,2004-02-25,326,334,326,331,2126,0.009146341463414531
1492,2004-02-26,336,342,330,331,9700,0.0
1493,2004-02-27,328,342,328,340,1200,0.027190332326284095
1494,2004-03-02,331,340,331,337,9850,-0.008823529411764675
1495,2004-03-03,342,342,336,337,22640,0.0
1496,2004-03-04,347,347,342,345,1740,0.023738872403560762
1497,2004-03-05,342,349,338,339,4400,-0.017391304347826098
1498,2004-03-08,337,345,337,343,1940,0.01179941002949847
1499,2004-03-09,339,342,338,343,9060,0.0
1500,2004-03-10,342,342,336,337,2920,-0.017492711370262426
1501,2004-03-11,337,337,331,331,9920,-0.017804154302670572
1502,2004-03-12,346,346,328,331,3700,0.0
1503,2004-03-15,330,336,330,331,3820,0.0
1504,2004-03-16,330,336,330,337,870,0.01812688821752273
1505,2004-03-17,330,336,330,336,260,-0.0029673590504450953
1506,2004-03-18,335,336,334,337,680,0.0029761904761904656
1507,2004-03-19,336,336,336,337,3080,0.0
1508,2004-03-22,339,339,331,334,16090,-0.008902077151335286
1509,2004-03-23,330,336,330,337,1710,0.008982035928143617
1510,2004-03-24,330,336,330,331,11624,-0.017804154302670572
1511,2004-03-25,336,336,334,334,460,0.009063444108761365
1512,2004-03-26,331,336,331,336,11190,0.0059880239520957446
1513,2004-03-29,336,339,334,337,2620,0.0029761904761904656
1514,2004-03-30,326,342,326,337,14760,0.0
1515,2004-03-31,336,342,333,334,11420,-0.008902077151335286
1516,2004-04-01,330,338,330,333,6010,-0.0029940119760478723
1517,2004-04-02,333,342,333,337,1780,0.012012012012011963
1518,2004-04-06,336,340,336,340,3600,0.008902077151335286
1519,2004-04-07,349,349,338,346,4650,0.01764705882352935
1520,2004-04-08,337,345,337,344,1770,-0.005780346820809301
1521,2004-04-09,345,345,334,337,14740,-0.02034883720930236
1522,2004-04-12,348,349,345,349,23330,0.035608308605341144
1523,2004-04-13,355,355,346,347,1540,-0.005730659025787954
1524,2004-04-14,342,394,339,361,3910,0.04034582132564846
1525,2004-04-16,354,361,350,350,2510,-0.030470914127423865
1526,2004-04-19,349,349,349,350,660,0.0
1527,2004-04-20,349,349,348,349,2730,-0.0028571428571428914
1528,2004-04-21,342,352,342,347,4470,-0.005730659025787954
1529,2004-04-22,347,361,347,358,4250,0.03170028818443793
1530,2004-04-23,361,367,355,367,5470,0.025139664804469275
1531,2004-04-26,367,367,352,356,26530,-0.02997275204359673
1532,2004-04-27,350,366,349,366,1040,0.028089887640449396
1533,2004-04-28,367,367,356,357,1380,-0.024590163934426257
1534,2004-04-29,357,357,352,355,5030,-0.0056022408963585235
1535,2004-04-30,361,361,349,355,7190,0.0
1536,2004-05-03,357,366,350,361,11460,0.016901408450704203
1537,2004-05-04,367,369,361,366,11090,0.013850415512465464
1538,2004-05-06,361,361,349,355,5440,-0.030054644808743203
1539,2004-05-07,361,361,349,349,4640,-0.016901408450704203
1540,2004-05-10,349,349,324,343,7460,-0.017191977077363862
1541,2004-05-11,340,348,340,347,11250,0.011661807580174877
1542,2004-05-12,341,358,341,347,4107,0.0
1543,2004-05-13,349,349,339,340,5540,-0.02017291066282423
1544,2004-05-14,340,345,339,346,2920,0.01764705882352935
1545,2004-05-17,337,342,327,328,3360,-0.052023121387283267
1546,2004-05-18,324,376,324,337,6650,0.027439024390243816
1547,2004-05-19,330,353,330,349,2520,0.035608308605341144
1548,2004-05-20,349,349,333,333,5040,-0.045845272206303744
1549,2004-05-21,333,347,333,347,20,0.04204204204204198
1550,2004-05-24,347,348,334,335,2590,-0.03458213256484155
1551,2004-05-25,330,348,319,331,3760,-0.011940298507462699
1552,2004-05-27,327,336,327,337,2460,0.01812688821752273
1553,2004-05-28,336,345,336,346,3740,0.026706231454005858
1554,2004-05-31,336,342,330,332,2580,-0.040462427745664775
1555,2004-06-01,336,336,336,337,300,0.015060240963855387
1556,2004-06-02,336,338,330,339,2260,0.005934718100890191
1557,2004-06-03,330,337,329,329,1350,-0.029498525073746285
1558,2004-06-04,328,333,327,333,4060,0.012158054711246091
1559,2004-06-07,339,339,330,331,930,-0.006006006006005982
1560,2004-06-08,328,332,328,330,9760,-0.0030211480362537513
1561,2004-06-09,330,330,323,329,8970,-0.00303030303030305
1562,2004-06-10,327,330,306,307,14960,-0.06686930091185406
1563,2004-06-11,315,315,300,312,19430,0.016286644951140072
1564,2004-06-14,303,312,303,306,7580,-0.019230769230769273
1565,2004-06-15,306,311,306,310,7290,0.013071895424836555
1566,2004-06-16,306,306,304,304,4550,-0.01935483870967747
1567,2004-06-17,308,308,308,309,20,0.016447368421052655
1568,2004-06-18,308,308,308,308,0,-0.003236245954692518
1569,2004-06-21,308,308,293,304,6150,-0.012987012987012991
1570,2004-06-22,293,303,293,302,4480,-0.006578947368421018
1571,2004-06-23,300,301,294,297,3700,-0.01655629139072845
1572,2004-06-24,296,318,284,285,4370,-0.04040404040404044
1573,2004-06-25,295,296,293,294,2210,0.03157894736842115
1574,2004-06-28,293,301,292,300,7190,0.020408163265306145
1575,2004-06-29,293,298,293,294,14160,-0.020000000000000018
1576,2004-06-30,292,293,287,290,15640,-0.013605442176870763
1577,2004-07-01,284,290,284,288,22200,-0.006896551724137945
1578,2004-07-02,287,293,287,288,9190,0.0
1579,2004-07-05,296,296,287,292,6950,0.01388888888888884
1580,2004-07-06,289,299,289,291,4810,-0.003424657534246589
1581,2004-07-07,287,300,287,300,2320,0.030927835051546282
1582,2004-07-08,292,298,292,299,4160,-0.0033333333333332993
1583,2004-07-09,298,298,290,292,3180,-0.02341137123745818
1584,2004-07-12,296,296,296,296,10,0.013698630136986356
1585,2004-07-13,293,299,290,297,5580,0.0033783783783782884
1586,2004-07-14,297,304,294,302,8080,0.01683501683501687
1587,2004-07-15,303,303,293,295,5010,-0.023178807947019875
1588,2004-07-16,302,302,302,303,20,0.027118644067796627
1589,2004-07-19,305,305,299,306,2520,0.00990099009900991
1590,2004-07-20,290,304,290,305,600,-0.0032679738562091387
1591,2004-07-21,305,305,294,295,2220,-0.032786885245901676
1592,2004-07-22,301,301,300,301,2240,0.02033898305084736
1593,2004-07-23,301,301,295,297,4070,-0.013289036544850474
1594,2004-07-26,300,300,300,301,10,0.013468013468013407
1595,2004-07-27,294,297,293,294,4760,-0.023255813953488413
1596,2004-07-28,293,299,293,294,1960,0.0
1597,2004-07-29,299,299,294,297,1030,0.010204081632652962
1598,2004-07-30,296,296,296,297,0,0.0
1599,2004-08-02,296,296,296,297,80,0.0
1600,2004-08-03,296,296,296,297,10,0.0
1601,2004-08-04,295,295,295,295,20,-0.006734006734006703
1602,2004-08-05,295,295,295,295,100,0.0
1603,2004-08-06,298,298,287,299,330,0.013559322033898313
1604,2004-08-09,258,298,258,283,270,-0.05351170568561869
1605,2004-08-10,293,303,293,293,600,0.035335689045936425
1606,2004-08-11,293,296,293,297,1530,0.013651877133105783
1607,2004-08-12,284,295,284,294,1540,-0.010101010101010055
1608,2004-08-13,295,295,290,294,4360,0.0
1609,2004-08-16,293,299,292,292,1100,-0.006802721088435382
1610,2004-08-17,292,298,292,298,160,0.020547945205479534
1611,2004-08-18,294,298,293,294,4550,-0.01342281879194629
1612,2004-08-19,293,300,293,299,3010,0.017006802721088343
1613,2004-08-20,298,298,298,299,150,0.0
1614,2004-08-23,298,298,296,298,720,-0.0033444816053511683
1615,2004-08-24,306,306,294,295,870,-0.010067114093959773
1616,2004-08-25,298,298,298,299,680,0.013559322033898313
1617,2004-08-26,300,305,296,300,3430,0.0033444816053511683
1618,2004-08-27,300,312,300,306,4460,0.020000000000000018
1619,2004-08-30,309,336,304,313,6180,0.02287581699346397
1620,2004-08-31,308,333,308,321,18880,0.025559105431310014
1621,2004-09-01,318,327,318,325,12400,0.012461059190031154
1622,2004-09-02,324,327,321,321,2570,-0.012307692307692353
1623,2004-09-03,330,330,306,311,9180,-0.031152647975077885
1624,2004-09-06,311,316,308,309,1660,-0.006430868167202619
1625,2004-09-07,318,318,309,310,1460,0.003236245954692629
1626,2004-09-08,309,315,309,314,870,0.012903225806451646
1627,2004-09-09,310,317,310,318,960,0.01273885350318471
1628,2004-09-10,311,317,311,318,1750,0.0
1629,2004-09-13,323,323,317,324,210,0.018867924528301883
1630,2004-09-14,317,327,317,328,1150,0.012345679012345734
1631,2004-09-15,319,326,318,326,6200,-0.0060975609756097615
1632,2004-09-16,318,326,318,326,7270,0.0
1633,2004-09-17,327,328,322,325,4520,-0.0030674846625766694
1634,2004-09-20,334,341,324,325,1160,0.0
1635,2004-09-21,327,327,323,325,4209,0.0
1636,2004-09-22,323,326,319,319,3250,-0.018461538461538418
1637,2004-09-23,319,326,319,327,12010,0.02507836990595602
1638,2004-09-24,315,315,315,316,200,-0.033639143730886834
1639,2004-09-30,326,326,326,326,30,0.03164556962025311
1640,2004-10-01,321,325,321,325,7020,-0.0030674846625766694
1641,2004-10-04,324,334,324,335,6720,0.03076923076923066
1642,2004-10-05,333,333,325,332,5230,-0.008955223880596996
1643,2004-10-06,324,330,324,329,1860,-0.009036144578313254
1644,2004-10-07,325,330,324,325,1350,-0.012158054711246202
1645,2004-10-08,324,327,324,328,1110,0.009230769230769154
1646,2004-10-11,324,324,320,325,2480,-0.009146341463414642
1647,2004-10-12,319,320,319,320,880,-0.01538461538461533
1648,2004-10-13,321,327,321,321,2070,0.0031250000000000444
1649,2004-10-14,325,325,322,323,200,0.006230529595015577
1650,2004-10-15,320,323,319,323,2350,0.0
1651,2004-10-18,324,324,320,320,260,-0.009287925696594423
1652,2004-10-19,320,322,319,323,1801,0.009374999999999911
1653,2004-10-20,327,327,311,315,3130,-0.024767801857585092
1654,2004-10-21,321,321,315,316,1600,0.0031746031746031633
1655,2004-10-22,315,321,315,321,3050,0.015822784810126667
1656,2004-10-25,320,322,318,321,1680,0.0
1657,2004-10-26,321,323,319,324,2400,0.009345794392523255
1658,2004-10-27,321,326,320,324,1730,0.0
1659,2004-10-28,323,323,321,321,1600,-0.0092592592592593
1660,2004-10-29,324,324,324,325,250,0.012461059190031154
1661,2004-11-01,320,330,320,322,3020,-0.009230769230769265
1662,2004-11-02,324,330,322,331,6520,0.02795031055900621
1663,2004-11-03,325,327,325,326,890,-0.015105740181268867
1664,2004-11-04,327,369,324,340,4730,0.042944785276073594
1665,2004-11-05,339,349,339,340,1200,0.0
1666,2004-11-08,341,341,330,331,1150,-0.026470588235294135
1667,2004-11-09,336,357,326,358,7540,0.08157099697885206
1668,2004-11-10,356,356,333,355,2120,-0.008379888268156388
1669,2004-11-11,349,358,341,345,920,-0.028169014084507005
1670,2004-11-12,337,352,337,353,1550,0.023188405797101463
1671,2004-11-15,351,352,331,331,5580,-0.062322946175637384
1672,2004-11-16,337,338,332,337,4199,0.01812688821752273
1673,2004-11-17,345,345,344,346,810,0.026706231454005858
1674,2004-11-18,342,342,333,337,930,-0.026011560693641633
1675,2004-11-19,342,342,329,342,270,0.014836795252225476
1676,2004-11-22,336,336,330,336,720,-0.01754385964912286
1677,2004-11-23,333,342,333,343,5690,0.02083333333333326
1678,2004-11-24,333,341,333,338,2210,-0.014577259475218707
1679,2004-11-25,342,345,342,343,1630,0.014792899408283988
1680,2004-11-26,339,342,335,337,1450,-0.017492711370262426
1681,2004-11-29,333,339,333,339,740,0.005934718100890191
1682,2004-11-30,339,348,339,345,3680,0.017699115044247815
1683,2004-12-01,342,347,342,347,3310,0.005797101449275255
1684,2004-12-02,347,361,347,356,6000,0.025936599423631135
1685,2004-12-03,355,361,355,361,1330,0.014044943820224809
1686,2004-12-06,355,361,355,358,2080,-0.008310249307479256
1687,2004-12-07,355,355,349,350,3990,-0.022346368715083775
1688,2004-12-08,352,352,331,340,5919,-0.02857142857142858
1689,2004-12-09,345,345,342,343,3840,0.008823529411764675
1690,2004-12-10,343,346,343,345,3070,0.005830903790087438
1691,2004-12-13,345,345,342,343,92,-0.005797101449275366
1692,2004-12-14,355,355,344,344,540,0.00291545189504383
1693,2004-12-15,342,345,336,345,7700,0.0029069767441860517
1694,2004-12-16,349,349,347,348,1130,0.008695652173912993
1695,2004-12-17,352,352,342,344,3722,-0.011494252873563204
1696,2004-12-20,339,348,339,344,1160,0.0
1697,2004-12-21,343,349,343,349,820,0.014534883720930258
1698,2004-12-22,349,349,343,344,2980,-0.014326647564469885
1699,2004-12-23,344,345,343,344,4710,0.0
1700,2004-12-24,352,352,339,340,1870,-0.011627906976744207
1701,2004-12-27,349,349,342,343,1680,0.008823529411764675
1702,2004-12-28,342,351,342,346,4620,0.008746355685131268
1703,2004-12-29,355,355,335,336,1900,-0.028901734104046284
1704,2004-12-30,330,342,330,343,6360,0.02083333333333326
1705,2005-01-03,336,342,331,340,4430,-0.008746355685131157
1706,2005-01-04,333,339,333,339,3420,-0.002941176470588225
1707,2005-01-05,341,341,333,334,510,-0.014749262536873142
1708,2005-01-06,340,340,334,334,1030,0.0
1709,2005-01-07,342,342,333,334,1570,0.0
1710,2005-01-10,333,352,332,334,29490,0.0
1711,2005-01-11,333,349,330,335,37370,0.0029940119760478723
1712,2005-01-12,336,342,327,328,21280,-0.020895522388059695
1713,2005-01-13,335,335,330,335,1560,0.021341463414634054
1714,2005-01-14,334,335,326,332,4261,-0.008955223880596996
1715,2005-01-17,335,335,328,334,11030,0.006024096385542244
1716,2005-01-18,330,334,330,332,4810,-0.005988023952095856
1717,2005-01-19,333,335,326,328,9760,-0.012048192771084376
1718,2005-01-20,328,330,326,330,4400,0.0060975609756097615
1719,2005-01-21,330,330,325,330,3421,0.0
1720,2005-01-24,330,332,323,325,12280,-0.015151515151515138
1721,2005-01-25,328,336,324,330,37390,0.01538461538461533
1722,2005-01-26,330,336,326,337,10470,0.021212121212121238
1723,2005-01-27,336,339,335,337,17920,0.0
1724,2005-01-28,338,355,336,350,59560,0.03857566765578646
1725,2005-01-31,344,356,344,351,20340,0.0028571428571428914
1726,2005-02-01,350,355,344,351,22280,0.0
1727,2005-02-02,349,361,349,355,35410,0.01139601139601143
1728,2005-02-03,358,379,355,374,38951,0.05352112676056331
1729,2005-02-04,379,379,369,374,26670,0.0
1730,2005-02-07,383,390,377,386,29600,0.03208556149732611
1731,2005-02-11,385,401,379,401,16210,0.03886010362694292
1732,2005-02-14,413,461,413,461,74110,0.14962593516209477
1733,2005-02-15,477,480,461,470,37460,0.01952277657266821
1734,2005-02-16,470,519,445,471,32300,0.0021276595744681437
1735,2005-02-17,474,500,465,498,31120,0.0573248407643312
1736,2005-02-18,497,500,489,498,26930,0.0
1737,2005-02-21,529,529,498,502,17400,0.008032128514056325
1738,2005-02-22,502,502,483,490,33820,-0.0239043824701195
1739,2005-02-23,489,544,441,478,67624,-0.024489795918367308
1740,2005-02-24,487,498,487,498,40310,0.04184100418410042
1741,2005-02-25,492,513,489,498,32800,0.0
1742,2005-02-28,488,502,488,502,25650,0.008032128514056325
1743,2005-03-02,502,511,499,506,8580,0.007968127490039834
1744,2005-03-03,506,525,505,522,20974,0.031620553359683834
1745,2005-03-04,531,531,514,525,29150,0.005747126436781658
1746,2005-03-07,517,526,498,527,39690,0.003809523809523707
1747,2005-03-08,526,526,502,502,17440,-0.04743833017077803
1748,2005-03-09,477,500,477,492,31570,-0.019920318725099584
1749,2005-03-10,492,520,491,520,81660,0.05691056910569103
1750,2005-03-11,520,556,514,557,52560,0.07115384615384612
1751,2005-03-14,556,592,551,578,25490,0.037701974865349985
1752,2005-03-15,569,581,559,571,21540,-0.01211072664359858
1753,2005-03-16,569,569,541,569,38080,-0.003502626970227629
1754,2005-03-17,554,581,553,563,48180,-0.010544815465729385
1755,2005-03-18,562,581,527,555,142480,-0.014209591474245165
1756,2005-03-21,554,555,543,551,11700,-0.007207207207207245
1757,2005-03-22,555,555,520,524,21120,-0.0490018148820327
1758,2005-03-23,504,523,474,524,37070,0.0
1759,2005-03-24,513,531,493,524,19230,0.0
1760,2005-03-25,503,522,503,520,23430,-0.007633587786259555
1761,2005-03-28,508,530,508,527,14600,0.013461538461538414
1762,2005-03-29,515,527,510,511,10930,-0.030360531309297945
1763,2005-03-30,519,520,499,499,7310,-0.023483365949119372
1764,2005-03-31,499,508,477,490,30940,-0.018036072144288595
1765,2005-04-01,489,507,483,508,26990,0.03673469387755102
1766,2005-04-04,549,583,523,530,176460,0.04330708661417315
1767,2005-04-06,532,540,515,519,30840,-0.02075471698113207
1768,2005-04-07,523,525,511,519,21490,0.0
1769,2005-04-08,511,544,511,527,22060,0.015414258188824581
1770,2005-04-11,520,528,514,524,28870,-0.005692599620493399
1771,2005-04-12,522,539,521,524,600220,0.0
1772,2005-04-13,544,548,532,538,41270,0.026717557251908497
1773,2005-04-14,541,541,526,528,31720,-0.018587360594795488
1774,2005-04-15,528,538,526,530,18480,0.0037878787878788955
1775,2005-04-18,525,529,508,527,36670,-0.005660377358490565
1776,2005-04-19,524,542,524,542,18120,0.028462998102466885
1777,2005-04-20,544,568,544,556,23700,0.02583025830258312
1778,2005-04-21,549,557,544,556,8790,0.0
1779,2005-04-22,557,563,551,554,34250,-0.003597122302158251
1780,2005-04-25,554,558,544,558,13000,0.0072202166064982976
1781,2005-04-26,559,568,546,560,20690,0.0035842293906809264
1782,2005-04-27,560,560,548,551,7270,-0.016071428571428625
1783,2005-04-28,551,568,541,548,33680,-0.005444646098003658
1784,2005-04-29,532,548,532,547,6220,-0.0018248175182481452
1785,2005-05-02,543,555,543,546,15380,-0.001828153564899404
1786,2005-05-03,541,550,538,547,6820,0.001831501831501825
1787,2005-05-04,546,551,546,549,3550,0.003656307129798808
1788,2005-05-06,543,555,538,556,11290,0.012750455373406133
1789,2005-05-09,551,553,540,542,2730,-0.025179856115107868
1790,2005-05-10,553,554,524,528,62630,-0.02583025830258301
1791,2005-05-11,525,529,459,522,13940,-0.011363636363636354
1792,2005-05-12,525,525,503,512,25150,-0.019157088122605415
1793,2005-05-13,502,512,502,505,5020,-0.013671875
1794,2005-05-16,497,520,497,511,38950,0.011881188118811892
1795,2005-05-17,514,514,508,514,5420,0.005870841487279899
1796,2005-05-18,508,508,505,509,6280,-0.009727626459143934
1797,2005-05-19,513,538,513,517,169210,0.015717092337917515
1798,2005-05-20,513,533,513,533,15730,0.030947775628626717
1799,2005-05-23,526,541,519,538,15040,0.009380863039399667
1800,2005-05-24,533,541,526,527,12470,-0.020446096654275103
1801,2005-05-25,529,537,520,527,30410,0.0
1802,2005-05-26,523,538,523,538,20770,0.020872865275142205
1803,2005-05-27,550,550,538,542,12300,0.0074349442379182396
1804,2005-05-30,541,600,541,560,28531,0.03321033210332103
1805,2005-05-31,570,570,554,556,22310,-0.0071428571428571175
1806,2005-06-01,553,562,551,551,25489,-0.008992805755395739
1807,2005-06-02,554,554,541,543,9380,-0.014519056261342977
1808,2005-06-03,543,543,532,541,50160,-0.0036832412523020164
1809,2005-06-07,540,542,533,541,13380,0.0
1810,2005-06-08,532,541,530,533,33940,-0.014787430683918634
1811,2005-06-09,526,532,520,533,11570,0.0
1812,2005-06-10,529,532,516,520,31050,-0.024390243902439046
1813,2005-06-13,517,530,517,530,12110,0.019230769230769162
1814,2005-06-14,519,535,519,530,28760,0.0
1815,2005-06-15,525,535,525,533,16738,0.005660377358490676
1816,2005-06-16,543,549,533,545,15850,0.022514071294559068
1817,2005-06-17,543,543,533,534,8212,-0.020183486238532056
1818,2005-06-20,533,535,520,521,21520,-0.02434456928838946
1819,2005-06-21,521,526,520,522,14100,0.0019193857965451588
1820,2005-06-22,521,531,520,524,3240,0.003831417624521105
1821,2005-06-23,530,530,522,527,5790,0.005725190839694694
1822,2005-06-24,526,530,525,527,14470,0.0
1823,2005-06-27,515,523,515,520,7720,-0.013282732447817858
1824,2005-06-28,519,519,514,519,8530,-0.0019230769230769162
1825,2005-06-29,522,536,522,535,14730,0.030828516377649384
1826,2005-06-30,527,538,527,538,16390,0.005607476635514086
1827,2005-07-01,547,575,541,569,124720,0.05762081784386619
1828,2005-07-04,582,604,575,588,43138,0.033391915641476366
1829,2005-07-05,600,633,587,618,126970,0.05102040816326525
1830,2005-07-06,621,639,606,622,45780,0.006472491909385036
1831,2005-07-07,630,639,618,628,50860,0.009646302250803762
1832,2005-07-08,627,636,612,625,26920,-0.004777070063694322
1833,2005-07-11,642,676,630,658,57810,0.05279999999999996
1834,2005-07-12,670,670,636,658,23610,0.0
1835,2005-07-13,658,658,633,640,18320,-0.027355623100303927
1836,2005-07-14,633,652,630,652,21940,0.018750000000000044
1837,2005-07-15,670,670,624,631,15520,-0.03220858895705525
1838,2005-07-18,612,652,612,643,19102,0.019017432646592614
1839,2005-07-19,646,652,636,643,16210,0.0
1840,2005-07-20,649,649,624,637,22782,-0.009331259720062213
1841,2005-07-21,646,646,630,631,33920,-0.009419152276295084
1842,2005-07-22,621,630,609,618,21070,-0.020602218700475405
1843,2005-07-25,612,630,612,625,13810,0.01132686084142387
1844,2005-07-26,621,642,618,637,45040,0.019200000000000106
1845,2005-07-27,636,649,630,637,32750,0.0
1846,2005-07-28,642,652,642,643,36870,0.009419152276295195
1847,2005-07-29,642,646,636,640,15150,-0.004665629860031051
1848,2005-08-01,658,658,636,640,22680,0.0
1849,2005-08-02,630,682,630,664,57570,0.03750000000000009
1850,2005-08-03,664,688,664,674,50260,0.015060240963855387
1851,2005-08-04,685,685,655,671,21920,-0.004451038575667643
1852,2005-08-05,661,667,649,664,20440,-0.010432190760059634
1853,2005-08-08,670,707,661,701,20170,0.05572289156626509
1854,2005-08-09,710,722,688,716,10740,0.021398002853067144
1855,2005-08-10,719,728,710,729,24180,0.018156424581005526
1856,2005-08-11,725,734,722,735,17670,0.008230452674897082
1857,2005-08-12,740,759,719,759,40883,0.03265306122448974
1858,2005-08-16,777,811,768,778,71833,0.025032938076416267
1859,2005-08-17,783,789,768,790,25240,0.015424164524421524
1860,2005-08-18,802,826,771,772,84910,-0.02278481012658229
1861,2005-08-19,768,796,743,778,25140,0.007772020725388629
1862,2005-08-22,771,789,771,790,20890,0.015424164524421524
1863,2005-08-23,771,796,771,781,19260,-0.011392405063291089
1864,2005-08-24,774,792,765,765,37330,-0.020486555697823317
1865,2005-08-25,756,777,743,753,42860,-0.015686274509803977
1866,2005-08-26,753,759,722,729,57390,-0.031872509960159334
1867,2005-08-29,698,728,649,649,38232,-0.10973936899862824
1868,2005-08-30,667,688,639,683,14631,0.05238828967642517
1869,2005-08-31,661,691,652,692,16621,0.013177159590043841
1870,2005-09-01,691,704,691,704,8210,0.01734104046242768
1871,2005-09-02,710,716,688,716,14300,0.017045454545454586
1872,2005-09-05,701,719,698,704,11320,-0.016759776536312887
1873,2005-09-06,698,713,691,713,13510,0.012784090909090828
1874,2005-09-07,713,740,707,741,27680,0.03927068723702676
1875,2005-09-08,734,750,728,735,13870,-0.0080971659919028
1876,2005-09-09,750,750,719,735,18010,0.0
1877,2005-09-12,734,743,728,735,27490,0.0
1878,2005-09-13,743,762,737,759,37801,0.03265306122448974
1879,2005-09-14,792,826,774,790,97630,0.040843214756258295
1880,2005-09-15,777,866,777,821,122721,0.03924050632911391
1881,2005-09-16,823,909,808,900,108003,0.09622411693057242
1882,2005-09-20,918,927,894,909,45470,0.010000000000000009
1883,2005-09-21,921,921,872,906,19630,-0.0033003300330033403
1884,2005-09-22,884,915,881,915,21280,0.009933774834437026
1885,2005-09-23,918,918,878,909,22830,-0.006557377049180357
1886,2005-09-26,909,939,897,918,57560,0.00990099009900991
1887,2005-09-27,936,949,930,949,43540,0.03376906318082784
1888,2005-09-28,955,961,927,961,35250,0.012644889357218192
1889,2005-09-29,964,964,918,931,38540,-0.031217481789802326
1890,2005-09-30,930,961,924,937,33770,0.0064446831364124435
1891,2005-10-04,955,967,939,967,23951,0.03201707577374591
1892,2005-10-05,973,979,942,964,23617,-0.0031023784901758056
1893,2005-10-06,946,949,890,949,31160,-0.01556016597510368
1894,2005-10-07,949,949,930,949,24380,0.0
1895,2005-10-10,933,979,933,977,46380,0.02950474183350904
1896,2005-10-11,964,1040,964,1041,36918,0.06550665301944725
1897,2005-10-12,1040,1065,1022,1062,30350,0.020172910662824117
1898,2005-10-13,1044,1065,1031,1053,18090,-0.008474576271186418
1899,2005-10-14,1071,1099,1053,1093,36180,0.037986704653371284
1900,2005-10-17,1102,1120,1013,1078,44400,-0.013723696248856387
1901,2005-10-18,1044,1093,1034,1053,25250,-0.023191094619666064
1902,2005-10-19,1028,1031,998,1029,27450,-0.022792022792022748
1903,2005-10-20,1016,1034,1007,1035,23760,0.005830903790087438
1904,2005-10-21,985,1022,985,1013,24246,-0.021256038647343045
1905,2005-10-24,1004,1031,1004,1013,22890,0.0
1906,2005-10-25,1022,1022,973,980,43200,-0.03257650542941759
1907,2005-10-26,964,976,949,961,25220,-0.019387755102040827
1908,2005-10-27,949,961,936,958,22760,-0.003121748178980255
1909,2005-10-28,930,942,915,934,19940,-0.025052192066805867
1910,2005-10-31,942,1025,942,1016,16550,0.08779443254817987
1911,2005-11-01,1044,1062,1016,1062,16330,0.04527559055118102
1912,2005-11-02,1050,1068,1044,1062,9290,0.0
1913,2005-11-03,1062,1062,1028,1050,9700,-0.011299435028248594
1914,2005-11-04,1028,1059,1025,1041,11670,-0.008571428571428563
1915,2005-11-07,1025,1034,1001,1010,11130,-0.029779058597502406
1916,2005-11-08,1016,1031,1013,1032,10060,0.0217821782178218
1917,2005-11-09,1031,1037,1016,1038,6760,0.005813953488372103
1918,2005-11-10,1019,1040,1016,1041,10350,0.0028901734104045396
1919,2005-11-11,1025,1040,1013,1041,27540,0.0
1920,2005-11-14,1040,1047,1040,1041,4560,0.0
1921,2005-11-15,1025,1040,1004,1010,12820,-0.029779058597502406
1922,2005-11-16,1019,1019,979,1004,18900,-0.005940594059405946
1923,2005-11-17,982,1040,982,1041,26990,0.03685258964143423
1924,2005-11-18,1056,1169,1056,1142,117370,0.09702209414024976
1925,2005-11-21,1184,1184,1114,1148,35000,0.005253940455341555
1926,2005-11-22,1148,1148,1114,1139,25920,-0.007839721254355392
1927,2005-11-23,1126,1209,1126,1203,86510,0.056189640035118504
1928,2005-11-24,1215,1220,1151,1222,37570,0.015793848711554537
1929,2005-11-25,1224,1236,1194,1225,24241,0.002454991816693841
1930,2005-11-28,1236,1236,1190,1219,20049,-0.004897959183673417
1931,2005-11-29,1190,1212,1184,1209,23150,-0.008203445447087732
1932,2005-11-30,1190,1251,1190,1252,16020,0.03556658395368073
1933,2005-12-01,1215,1261,1215,1261,15580,0.007188498402555865
1934,2005-12-02,1255,1267,1243,1255,16044,-0.004758128469468659
1935,2005-12-05,1255,1285,1236,1286,13780,0.024701195219123395
1936,2005-12-06,1285,1285,1255,1261,6460,-0.019440124416796323
1937,2005-12-07,1258,1261,1208,1258,23500,-0.0023790642347343294
1938,2005-12-08,1227,1273,1227,1271,19120,0.010333863275039823
1939,2005-12-09,1261,1270,1243,1271,18110,0.0
1940,2005-12-12,1334,1334,1270,1304,18070,0.02596380802517695
1941,2005-12-13,1298,1322,1282,1304,9410,0.0
1942,2005-12-14,1285,1304,1258,1258,12561,-0.03527607361963192
1943,2005-12-15,1220,1249,1208,1209,17900,-0.03895071542130368
1944,2005-12-16,1169,1194,1151,1176,15650,-0.027295285359801524
1945,2005-12-19,1212,1212,1148,1157,8230,-0.016156462585034004
1946,2005-12-20,1135,1153,1116,1130,17369,-0.023336214347450257
1947,2005-12-21,1111,1123,1062,1118,31180,-0.010619469026548645
1948,2005-12-22,1120,1132,1102,1130,16615,0.01073345259391778
1949,2005-12-23,1160,1160,1071,1090,51470,-0.03539823008849563
1950,2005-12-26,1077,1080,1040,1059,44561,-0.028440366972477094
1951,2005-12-27,1044,1053,1037,1038,25400,-0.019830028328611915
1952,2005-12-28,1019,1047,1010,1038,31700,0.0
1953,2005-12-29,1028,1050,1025,1035,25321,-0.0028901734104046506
1954,2006-01-02,1040,1077,1040,1062,35390,0.026086956521739202
1955,2006-01-03,1086,1102,1068,1093,17970,0.029190207156308823
1956,2006-01-04,1093,1120,1050,1056,20820,-0.03385178408051237
1957,2006-01-05,1083,1083,1019,1041,14840,-0.014204545454545414
1958,2006-01-06,1025,1031,979,998,26475,-0.04130643611911622
1959,2006-01-09,985,1010,946,964,38210,-0.034068136272545124
1960,2006-01-10,949,979,949,971,15910,0.007261410788381717
1961,2006-01-11,979,979,949,961,13761,-0.010298661174047319
1962,2006-01-12,952,973,942,971,13650,0.010405827263267442
1963,2006-01-13,955,979,936,958,18783,-0.013388259526261548
1964,2006-01-16,1007,1028,979,1026,244980,0.07098121085595
1965,2006-01-17,1037,1099,1010,1099,184270,0.07115009746588696
1966,2006-01-18,1053,1089,1016,1029,21050,-0.06369426751592355
1967,2006-01-19,1019,1059,1004,1059,15476,0.029154518950437414
1968,2006-01-20,1034,1068,991,1029,27820,-0.028328611898016942
1969,2006-01-23,1022,1022,875,934,32721,-0.09232264334305151
1970,2006-01-24,918,979,887,980,19060,0.04925053533190571
1971,2006-01-25,958,991,958,992,16750,0.012244897959183598
1972,2006-01-26,976,979,930,974,25320,-0.01814516129032262
1973,2006-01-27,967,976,955,955,19170,-0.019507186858316206
1974,2006-01-31,952,973,949,974,29030,0.019895287958115127
1975,2006-02-01,964,973,930,974,18110,0.0
1976,2006-02-02,958,967,939,967,18160,-0.007186858316221789
1977,2006-02-03,946,946,909,940,16200,-0.02792140641158225
1978,2006-02-06,897,909,890,906,14490,-0.036170212765957444
1979,2006-02-07,924,958,887,912,16910,0.0066225165562914245
1980,2006-02-08,906,961,903,931,18110,0.02083333333333326
1981,2006-02-09,930,958,930,955,7090,0.025778732545649774
1982,2006-02-10,955,958,918,952,4400,-0.003141361256544517
1983,2006-02-13,952,961,942,952,12360,0.0
1984,2006-02-14,952,976,949,977,15160,0.02626050420168058
1985,2006-02-15,976,976,939,958,17240,-0.019447287615148467
1986,2006-02-16,936,936,866,870,90137,-0.09185803757828814
1987,2006-02-17,866,881,857,882,14690,0.01379310344827589
1988,2006-02-20,881,918,866,918,34830,0.04081632653061229
1989,2006-02-21,903,927,890,928,31820,0.01089324618736387
1990,2006-02-22,906,955,903,952,16710,0.02586206896551735
1991,2006-02-23,955,967,933,967,25115,0.015756302521008347
1992,2006-02-24,967,995,946,992,33500,0.02585315408479838
1993,2006-02-27,985,1004,979,998,6720,0.006048387096774244
1994,2006-02-28,998,1004,970,1004,11103,0.006012024048096087
1995,2006-03-02,1004,1004,979,998,8112,-0.005976095617529875
1996,2006-03-03,967,998,955,983,10830,-0.01503006012024044
1997,2006-03-06,961,967,936,961,17068,-0.02238046795523907
1998,2006-03-07,939,942,912,931,14460,-0.031217481789802326
1999,2006-03-08,909,942,909,928,5490,-0.0032223415682062218
2000,2006-03-09,927,939,906,928,6590,0.0
2001,2006-03-10,927,930,912,912,5750,-0.017241379310344862
2002,2006-03-13,915,946,906,934,12580,0.02412280701754388
2003,2006-03-14,933,933,890,918,17820,-0.017130620985010725
2004,2006-03-15,921,921,894,906,17580,-0.013071895424836555
2005,2006-03-16,897,906,884,900,8420,-0.0066225165562914245
2006,2006-03-17,887,900,869,900,19400,0.0
2007,2006-03-20,881,924,881,918,3330,0.020000000000000018
2008,2006-03-21,894,894,881,891,14650,-0.02941176470588236
2009,2006-03-22,875,875,848,857,11580,-0.038159371492704874
2010,2006-03-23,857,857,799,805,30770,-0.0606767794632439
2011,2006-03-24,805,808,777,805,11260,0.0
2012,2006-03-27,805,811,789,811,7830,0.007453416149068248
2013,2006-03-28,796,814,792,814,6070,0.0036991368680641123
2014,2006-03-29,796,808,783,808,15170,-0.0073710073710073765
2015,2006-03-30,796,814,789,793,14460,-0.01856435643564358
2016,2006-03-31,789,811,777,811,24790,0.022698612862547263
2017,2006-04-03,918,918,835,848,103320,0.04562268803945746
2018,2006-04-04,875,875,826,833,32965,-0.017688679245283057
2019,2006-04-05,832,869,832,870,27600,0.04441776710684264
2020,2006-04-06,869,875,848,863,14015,-0.008045977011494232
2021,2006-04-07,863,863,845,854,13780,-0.010428736964078755
2022,2006-04-10,838,857,832,857,15500,0.003512880562060783
2023,2006-04-11,863,863,848,848,10670,-0.010501750291715295
2024,2006-04-12,851,857,838,854,103330,0.007075471698113178
2025,2006-04-13,881,927,863,918,56500,0.0749414519906324
2026,2006-04-14,918,955,906,955,34641,0.04030501089324612
2027,2006-04-17,949,949,930,937,10770,-0.01884816753926699
2028,2006-04-18,936,936,906,934,11104,-0.0032017075773745907
2029,2006-04-19,918,939,918,937,9995,0.0032119914346895317
2030,2006-04-20,936,936,900,906,8590,-0.033084311632870844
2031,2006-04-21,900,930,887,931,15520,0.02759381898454749
2032,2006-04-24,930,930,900,928,9040,-0.0032223415682062218
2033,2006-04-25,927,930,903,925,28320,-0.003232758620689613
2034,2006-04-26,930,930,903,925,9940,0.0
2035,2006-04-27,942,942,909,925,13960,0.0
2036,2006-04-28,918,921,900,918,12610,-0.007567567567567601
2037,2006-05-02,909,918,897,915,8950,-0.0032679738562091387
2038,2006-05-03,903,918,894,912,5650,-0.003278688524590123
2039,2006-05-04,906,906,851,851,12470,-0.06688596491228072
2040,2006-05-08,863,900,863,885,11250,0.0399529964747356
2041,2006-05-09,866,900,866,900,10180,0.016949152542372836
2042,2006-05-10,900,906,881,891,4460,-0.010000000000000009
2043,2006-05-11,875,897,860,894,9470,0.0033670033670034627
2044,2006-05-12,894,921,890,900,18320,0.006711409395973256
2045,2006-05-15,884,942,884,937,45170,0.0411111111111111
2046,2006-05-16,946,946,906,928,12210,-0.009605122732123772
2047,2006-05-17,921,936,906,937,28500,0.00969827586206895
2048,2006-05-18,887,927,887,928,21740,-0.009605122732123772
2049,2006-05-19,906,936,906,937,20086,0.00969827586206895
2050,2006-05-22,924,933,894,894,9000,-0.04589114194236932
2051,2006-05-23,875,875,835,836,20395,-0.06487695749440714
2052,2006-05-24,845,881,826,839,14990,0.0035885167464115852
2053,2006-05-25,838,857,796,821,5530,-0.021454112038140627
2054,2006-05-26,832,863,805,805,12000,-0.01948842874543244
2055,2006-05-29,826,832,814,830,5560,0.03105590062111796
2056,2006-05-30,829,829,805,821,5480,-0.010843373493975905
2057,2006-06-01,835,835,777,778,9300,-0.052375152253349544
2058,2006-06-02,777,796,774,778,4390,0.0
2059,2006-06-05,814,814,747,756,6500,-0.028277634961439535
2060,2006-06-07,743,743,673,674,18368,-0.10846560846560849
2061,2006-06-08,691,704,682,695,6830,0.03115727002967361
2062,2006-06-09,698,740,676,723,21570,0.04028776978417259
2063,2006-06-12,704,704,682,689,4990,-0.047026279391424675
2064,2006-06-13,685,716,664,686,10500,-0.004354136429608135
2065,2006-06-14,685,685,667,686,1800,0.0
2066,2006-06-15,688,701,667,692,12390,0.008746355685131268
2067,2006-06-16,691,725,691,719,10020,0.039017341040462394
2068,2006-06-19,688,698,676,683,8860,-0.05006954102920724
2069,2006-06-20,698,722,673,713,21800,0.04392386530014636
2070,2006-06-21,713,728,713,729,2960,0.02244039270687237
2071,2006-06-22,731,740,728,732,970,0.004115226337448652
2072,2006-06-23,731,756,707,756,5970,0.032786885245901676
2073,2006-06-26,743,771,716,753,2930,-0.003968253968253954
2074,2006-06-27,734,780,710,778,12033,0.033200531208499307
2075,2006-06-28,777,777,765,765,890,-0.016709511568123392
2076,2006-06-29,777,786,747,787,6797,0.02875816993464042
2077,2006-06-30,792,805,771,805,10390,0.02287166454891998
2078,2006-07-03,802,814,789,811,1120,0.007453416149068248
2079,2006-07-04,814,814,786,805,9170,-0.007398273736128225
2080,2006-07-05,780,792,771,772,4110,-0.04099378881987581
2081,2006-07-06,789,811,765,768,6800,-0.005181347150259086
2082,2006-07-07,768,881,768,839,20857,0.09244791666666674
2083,2006-07-10,854,854,808,848,6850,0.010727056019070424
2084,2006-07-11,866,894,835,857,53477,0.010613207547169878
2085,2006-07-12,872,872,823,824,13171,-0.03850641773628938
2086,2006-07-13,857,878,796,814,10500,-0.012135922330097082
2087,2006-07-14,802,814,780,784,7267,-0.03685503685503688
2088,2006-07-18,774,802,750,802,10460,0.022959183673469497
2089,2006-07-19,796,796,783,793,3830,-0.01122194513715713
2090,2006-07-20,796,903,796,833,8660,0.05044136191677184
2091,2006-07-21,851,851,802,821,1850,-0.014405762304921965
2092,2006-07-24,789,799,777,784,5510,-0.045066991473812434
2093,2006-07-25,783,808,783,808,4560,0.030612244897959107
2094,2006-07-26,808,820,783,821,2950,0.016089108910890992
2095,2006-07-27,820,845,808,821,1670,0.0
2096,2006-07-28,805,820,802,821,5990,0.0
2097,2006-07-31,820,854,808,821,1760,0.0
2098,2006-08-01,820,823,805,824,860,0.0036540803897686658
2099,2006-08-02,805,814,805,814,1510,-0.012135922330097082
2100,2006-08-03,814,814,786,787,1950,-0.033169533169533194
2101,2006-08-04,786,802,786,802,4790,0.019059720457433205
2102,2006-08-07,796,802,789,802,1480,0.0
2103,2006-08-08,802,814,783,814,3980,0.014962593516209433
2104,2006-08-09,796,845,796,833,5830,0.023341523341523285
2105,2006-08-10,848,848,802,827,2990,-0.007202881152461038
2106,2006-08-11,826,826,808,827,630,0.0
2107,2006-08-14,845,845,799,839,6080,0.0145102781136639
2108,2006-08-16,838,854,826,854,10650,0.017878426698450633
2109,2006-08-17,857,866,854,866,12510,0.014051522248243575
2110,2006-08-18,854,863,835,845,3380,-0.024249422632794504
2111,2006-08-21,845,857,826,854,7250,0.010650887573964596
2112,2006-08-22,841,854,838,839,6300,-0.01756440281030447
2113,2006-08-23,838,854,826,848,1410,0.010727056019070424
2114,2006-08-24,845,854,826,839,5550,-0.010613207547169767
2115,2006-08-25,829,854,829,851,2330,0.014302741358760418
2116,2006-08-28,826,851,826,842,2570,-0.010575793184488869
2117,2006-08-29,838,841,796,833,24960,-0.0106888361045131
2118,2006-08-30,829,829,792,793,15060,-0.04801920768307322
2119,2006-08-31,802,826,777,827,7950,0.04287515762925609
2120,2006-09-01,826,826,805,805,3400,-0.026602176541717037
2121,2006-09-04,805,823,792,802,19640,-0.003726708074534124
2122,2006-09-05,802,829,786,821,31390,0.023690773067331694
2123,2006-09-06,832,832,811,824,1170,0.0036540803897686658
2124,2006-09-07,823,829,820,827,3330,0.00364077669902918
2125,2006-09-08,832,832,814,827,2120,0.0
2126,2006-09-11,826,826,808,824,1260,-0.0036275695284159193
2127,2006-09-12,811,826,808,817,1790,-0.008495145631068013
2128,2006-09-13,820,857,820,839,16530,0.02692778457772338
2129,2006-09-14,832,857,826,845,7460,0.007151370679380209
2130,2006-09-15,851,857,835,854,5150,0.010650887573964596
2131,2006-09-18,854,857,832,851,12310,-0.003512880562060894
2132,2006-09-19,857,869,854,866,10112,0.01762632197414815
2133,2006-09-20,866,881,857,870,3450,0.004618937644341736
2134,2006-09-21,881,900,860,900,10900,0.034482758620689724
2135,2006-09-22,872,897,863,866,13790,-0.0377777777777778
2136,2006-09-25,897,897,857,876,5180,0.011547344110854452
2137,2006-09-26,863,875,857,876,5150,0.0
2138,2006-09-27,875,900,848,848,13660,-0.03196347031963476
2139,2006-09-28,848,872,848,851,1300,0.0035377358490567
2140,2006-09-29,851,875,845,876,6060,0.029377203290246845
2141,2006-10-02,875,875,851,851,7890,-0.028538812785388168
2142,2006-10-04,851,857,832,845,830,-0.007050528789659172
2143,2006-10-09,820,832,802,814,11650,-0.03668639053254441
2144,2006-10-10,814,845,808,814,12870,0.0
2145,2006-10-11,802,802,789,802,5470,-0.014742014742014753
2146,2006-10-12,786,848,786,848,8610,0.057356608478803084
2147,2006-10-13,866,866,826,845,1850,-0.003537735849056589
2148,2006-10-16,845,845,814,824,2220,-0.02485207100591713
2149,2006-10-17,805,820,802,821,2400,-0.00364077669902918
2150,2006-10-18,799,823,799,799,3570,-0.02679658952496955
2151,2006-10-19,838,841,789,793,17090,-0.007509386733416723
2152,2006-10-20,792,805,792,802,15600,0.011349306431273742
2153,2006-10-23,802,811,799,811,560,0.01122194513715713
2154,2006-10-24,814,832,814,824,840,0.01602959309494456
2155,2006-10-25,820,829,802,821,5580,-0.00364077669902918
2156,2006-10-26,799,851,799,845,8730,0.02923264311814866
2157,2006-10-27,845,857,805,836,7140,-0.010650887573964485
2158,2006-10-30,832,835,814,833,3620,-0.0035885167464114742
2159,2006-10-31,820,832,805,830,4930,-0.0036014405762304635
2160,2006-11-01,829,829,817,830,1230,0.0
2161,2006-11-02,817,845,817,839,4850,0.010843373493975905
2162,2006-11-03,838,848,826,845,3510,0.007151370679380209
2163,2006-11-06,851,851,820,851,3730,0.007100591715976323
2164,2006-11-07,848,854,848,854,1900,0.003525264394829586
2165,2006-11-08,857,860,832,854,1610,0.0
2166,2006-11-09,838,869,838,866,6300,0.014051522248243575
2167,2006-11-10,857,869,845,870,3000,0.004618937644341736
2168,2006-11-13,869,872,845,873,2760,0.0034482758620688614
2169,2006-11-14,872,872,848,866,1850,-0.008018327605956443
2170,2006-11-15,851,866,841,842,10540,-0.02771362586605086
2171,2006-11-16,832,838,792,796,27464,-0.05463182897862229
2172,2006-11-17,805,805,777,781,21566,-0.018844221105527637
2173,2006-11-20,780,789,765,772,8900,-0.011523687580025643
2174,2006-11-21,765,777,762,772,7514,0.0
2175,2006-11-22,765,783,762,778,17806,0.007772020725388629
2176,2006-11-23,777,777,759,759,10950,-0.024421593830334154
2177,2006-11-24,759,771,756,765,5990,0.007905138339920903
2178,2006-11-27,765,814,750,765,22860,0.0
2179,2006-11-28,753,756,734,738,16750,-0.03529411764705881
2180,2006-11-29,737,759,731,759,17050,0.028455284552845628
2181,2006-11-30,759,857,747,857,46880,0.12911725955204223
2182,2006-12-01,854,854,783,784,19552,-0.08518086347724618
2183,2006-12-04,774,774,759,772,7210,-0.015306122448979553
2184,2006-12-05,783,783,750,768,8900,-0.005181347150259086
2185,2006-12-06,759,777,734,753,16890,-0.01953125
2186,2006-12-07,740,759,740,747,3180,-0.007968127490039834
2187,2006-12-08,747,768,740,765,4490,0.024096385542168752
2188,2006-12-11,753,765,750,753,4790,-0.015686274509803977
2189,2006-12-12,750,765,750,762,3040,0.01195219123505975
2190,2006-12-13,759,759,750,759,3730,-0.003937007874015741
2191,2006-12-14,756,771,750,759,4800,0.0
2192,2006-12-15,771,802,759,781,4640,0.02898550724637672
2193,2006-12-18,780,796,759,775,4960,-0.007682458386683688
2194,2006-12-19,765,777,759,778,5580,0.003870967741935516
2195,2006-12-20,777,780,759,781,10760,0.003856041131105492
2196,2006-12-21,783,783,759,778,5486,-0.003841229193341844
2197,2006-12-22,765,777,753,753,6670,-0.03213367609254503
2198,2006-12-26,747,765,737,762,6210,0.01195219123505975
2199,2006-12-27,759,762,737,756,4650,-0.007874015748031482
2200,2006-12-28,740,765,740,765,4710,0.011904761904761862
2201,2007-01-02,753,762,753,759,3760,-0.007843137254901933
2202,2007-01-03,753,753,734,741,8980,-0.02371541501976282
2203,2007-01-04,740,740,728,738,2630,-0.004048582995951455
2204,2007-01-05,725,737,716,716,4840,-0.02981029810298108
2205,2007-01-08,719,728,704,719,2060,0.0041899441340782495
2206,2007-01-09,704,725,685,719,7530,0.0
2207,2007-01-10,701,713,685,689,3670,-0.041724617524339314
2208,2007-01-11,682,698,676,680,5310,-0.013062409288824406
2209,2007-01-12,691,704,673,692,61270,0.01764705882352935
2210,2007-01-15,685,710,667,674,9340,-0.026011560693641633
2211,2007-01-16,673,704,673,704,2990,0.04451038575667665
2212,2007-01-17,694,716,642,713,30330,0.012784090909090828
2213,2007-01-18,682,713,673,707,10870,-0.008415147265077194
2214,2007-01-19,707,707,682,695,8610,-0.016973125884017004
2215,2007-01-22,707,719,688,698,2760,0.004316546762589857
2216,2007-01-23,698,707,679,704,3370,0.008595988538681931
2217,2007-01-24,713,731,713,732,5230,0.03977272727272729
2218,2007-01-25,731,750,701,744,6010,0.016393442622950838
2219,2007-01-26,716,740,716,741,4260,-0.0040322580645161255
2220,2007-01-29,722,740,722,741,2300,0.0
2221,2007-01-30,728,747,728,747,5290,0.00809716599190291
2222,2007-01-31,747,747,719,719,3080,-0.03748326639892907
2223,2007-02-01,719,719,688,704,8700,-0.020862308762169657
2224,2007-02-02,704,734,691,698,11540,-0.008522727272727293
2225,2007-02-05,691,691,667,674,22270,-0.034383954154727836
2226,2007-02-06,673,673,642,664,34755,-0.014836795252225476
2227,2007-02-07,664,664,649,655,9350,-0.013554216867469826
2228,2007-02-08,655,658,630,631,22712,-0.036641221374045796
2229,2007-02-09,630,646,630,646,9830,0.023771790808240878
2230,2007-02-12,646,646,627,643,13860,-0.004643962848297267
2231,2007-02-13,649,661,639,661,23750,0.027993779160186527
2232,2007-02-14,667,673,642,671,15280,0.015128593040847127
2233,2007-02-15,658,670,649,671,17570,0.0
2234,2007-02-16,658,688,646,689,35670,0.02682563338301036
2235,2007-02-20,688,688,661,680,20740,-0.013062409288824406
2236,2007-02-21,682,691,670,686,7600,0.008823529411764675
2237,2007-02-22,685,688,676,683,8400,-0.004373177842565634
2238,2007-02-23,673,682,661,664,10049,-0.027818448023426035
2239,2007-02-26,664,664,646,646,12826,-0.027108433734939763
2240,2007-02-27,646,649,636,649,8260,0.004643962848297267
2241,2007-02-28,587,670,587,667,12500,0.027734976887519247
2242,2007-03-02,649,676,649,674,6100,0.010494752623688264
2243,2007-03-05,636,664,636,658,8810,-0.023738872403560873
2244,2007-03-06,639,716,627,658,55590,0.0
2245,2007-03-07,649,655,636,637,11230,-0.03191489361702127
2246,2007-03-08,630,652,630,646,1480,0.014128728414442682
2247,2007-03-09,642,652,633,640,6230,-0.009287925696594423
2248,2007-03-12,642,652,636,646,5457,0.009374999999999911
2249,2007-03-13,646,649,642,643,3340,-0.004643962848297267
2250,2007-03-14,636,636,624,628,8370,-0.023328149300155476
2251,2007-03-15,627,636,621,625,14260,-0.004777070063694322
2252,2007-03-16,624,636,624,631,8270,0.009600000000000053
2253,2007-03-19,630,642,627,631,3300,0.0
2254,2007-03-20,633,646,630,646,8310,0.023771790808240878
2255,2007-03-21,649,649,633,640,8760,-0.009287925696594423
2256,2007-03-22,639,649,639,643,4290,0.004687499999999956
2257,2007-03-23,630,649,630,646,13010,0.004665629860031162
2258,2007-03-26,646,655,639,655,9660,0.01393188854489158
2259,2007-03-27,661,664,649,661,10320,0.009160305343511421
2260,2007-03-28,661,704,661,698,24785,0.05597579425113475
2261,2007-03-29,698,704,667,695,8480,-0.004297994269340966
2262,2007-03-30,694,713,676,710,11990,0.021582733812949728
2263,2007-04-02,719,753,694,735,36920,0.035211267605633756
2264,2007-04-03,747,747,710,747,18220,0.01632653061224487
2265,2007-04-04,747,747,728,735,103540,-0.016064257028112428
2266,2007-04-05,734,771,728,768,24460,0.044897959183673564
2267,2007-04-06,768,777,756,772,37640,0.005208333333333259
2268,2007-04-09,783,783,762,775,2290,0.0038860103626943143
2269,2007-04-10,777,777,759,765,3500,-0.012903225806451646
2270,2007-04-11,765,832,756,827,33200,0.08104575163398686
2271,2007-04-12,826,826,796,827,28160,0.0
2272,2007-04-13,820,857,820,851,12805,0.0290205562273278
2273,2007-04-16,851,860,851,854,5780,0.003525264394829586
2274,2007-04-17,854,869,811,870,18555,0.0187353629976581
2275,2007-04-18,869,869,826,854,2580,-0.01839080459770115
2276,2007-04-19,826,869,823,870,5030,0.0187353629976581
2277,2007-04-20,845,866,832,863,6810,-0.008045977011494232
2278,2007-04-23,863,939,835,900,36500,0.042873696407879525
2279,2007-04-24,930,930,881,900,8510,0.0
2280,2007-04-25,887,924,857,876,9270,-0.026666666666666616
2281,2007-04-26,866,909,848,897,16120,0.023972602739726012
2282,2007-04-27,869,875,845,845,6680,-0.05797101449275366
2283,2007-04-30,832,869,796,839,33230,-0.007100591715976323
2284,2007-05-02,838,857,823,836,3550,-0.0035756853396901045
2285,2007-05-03,841,857,835,854,6220,0.021531100478468845
2286,2007-05-04,854,857,823,857,11090,0.003512880562060783
2287,2007-05-07,894,894,845,873,11035,0.018669778296382722
2288,2007-05-08,872,872,826,827,15362,-0.05269186712485685
2289,2007-05-09,826,845,805,845,9980,0.021765417170495738
2290,2007-05-10,845,845,820,827,6553,-0.02130177514792897
2291,2007-05-11,838,838,796,824,18320,-0.0036275695284159193
2292,2007-05-14,814,841,814,842,8965,0.02184466019417486
2293,2007-05-15,826,857,823,851,8470,0.010688836104512989
2294,2007-05-16,832,845,820,845,15440,-0.007050528789659172
2295,2007-05-17,857,860,835,860,11392,0.01775147928994092
2296,2007-05-18,866,866,845,866,10030,0.006976744186046435
2297,2007-05-21,869,897,863,879,65995,0.01501154734411081
2298,2007-05-22,881,893,860,870,31572,-0.010238907849829393
2299,2007-05-23,878,918,848,909,26065,0.04482758620689653
2300,2007-05-25,906,912,884,903,14610,-0.0066006600660065695
2301,2007-05-28,909,915,887,915,18880,0.013289036544850585
2302,2007-05-29,921,921,887,909,7975,-0.006557377049180357
2303,2007-05-30,897,918,884,918,10282,0.00990099009900991
2304,2007-05-31,903,949,903,949,29114,0.03376906318082784
2305,2007-06-01,985,985,924,946,39040,-0.0031612223393044925
2306,2007-06-04,967,985,906,971,55310,0.026427061310782207
2307,2007-06-05,973,973,939,974,18401,0.003089598352214118
2308,2007-06-07,946,973,946,961,50199,-0.013347022587268942
2309,2007-06-08,958,976,936,958,14910,-0.003121748178980255
2310,2007-06-11,973,973,924,955,14230,-0.0031315240083507057
2311,2007-06-12,973,973,942,949,45791,-0.006282722513089034
2312,2007-06-13,933,964,933,949,38260,0.0
2313,2007-06-14,961,995,955,977,32340,0.02950474183350904
2314,2007-06-15,976,1004,924,998,24050,0.02149437052200609
2315,2007-06-18,985,1022,985,1010,20470,0.012024048096192397
2316,2007-06-19,1010,1010,979,1010,8338,0.0
2317,2007-06-20,995,1004,970,977,9040,-0.0326732673267327
2318,2007-06-21,955,1010,936,995,19830,0.0184237461617196
2319,2007-06-22,995,1010,979,998,17300,0.0030150753768845018
2320,2007-06-25,1010,1013,979,992,14360,-0.006012024048096198
2321,2007-06-26,991,1010,955,992,13600,0.0
2322,2007-06-27,970,1007,964,1007,10120,0.015120967741935498
2323,2007-06-28,1016,1022,985,1007,23990,0.0
2324,2007-06-29,1019,1025,995,1004,8220,-0.002979145978152964
2325,2007-07-02,1016,1016,988,1010,66440,0.005976095617529875
2326,2007-07-03,1010,1031,1007,1010,15230,0.0
2327,2007-07-04,1010,1016,998,1010,18292,0.0
2328,2007-07-05,1025,1025,991,1016,16470,0.005940594059405946
2329,2007-07-06,1031,1031,998,1013,9240,-0.0029527559055118058
2330,2007-07-09,1022,1031,1004,1023,17130,0.009871668311944637
2331,2007-07-10,1025,1040,1022,1041,30441,0.017595307917888547
2332,2007-07-11,1013,1083,1013,1078,122630,0.03554274735830942
2333,2007-07-12,1093,1157,1059,1127,37660,0.045454545454545414
2334,2007-07-13,1126,1163,1105,1163,17181,0.03194321206743567
2335,2007-07-16,1163,1163,1108,1127,23465,-0.03095442820292349
2336,2007-07-18,1132,1178,1120,1173,27530,0.04081632653061229
2337,2007-07-19,1172,1206,1163,1203,21270,0.025575447570332477
2338,2007-07-20,1200,1221,1184,1215,4480,0.009975062344139696
2339,2007-07-23,1175,1202,1153,1191,13730,-0.01975308641975304
2340,2007-07-24,1169,1200,1157,1166,4500,-0.02099076406381195
2341,2007-07-25,1157,1184,1151,1173,12540,0.006003430531732468
2342,2007-07-26,1163,1181,1132,1133,14800,-0.0341005967604433
2343,2007-07-27,1123,1123,1093,1108,6740,-0.02206531332744921
2344,2007-07-30,1096,1096,1028,1093,7910,-0.013537906137184086
2345,2007-07-31,1083,1117,1074,1118,12300,0.02287282708142735
2346,2007-08-01,1117,1117,1044,1084,6990,-0.030411449016100156
2347,2007-08-02,1083,1178,1053,1078,3260,-0.005535055350553542
2348,2007-08-03,1099,1114,1065,1105,4310,0.02504638218923927
2349,2007-08-06,1059,1102,1040,1041,3703,-0.05791855203619911
2350,2007-08-07,1050,1111,1050,1108,15800,0.06436119116234384
2351,2007-08-08,1105,1132,1077,1127,5100,0.017148014440433235
2352,2007-08-09,1105,1138,1096,1127,4610,0.0
2353,2007-08-10,1126,1126,1065,1078,2230,-0.04347826086956519
2354,2007-08-13,1080,1080,1034,1078,9950,0.0
2355,2007-08-14,1047,1086,1028,1069,7730,-0.008348794063079756
2356,2007-08-16,1010,1037,924,937,11980,-0.12347988774555663
2357,2007-08-17,939,961,903,934,7780,-0.0032017075773745907
2358,2007-08-20,955,1010,955,1010,14880,0.0813704496788008
2359,2007-08-21,982,1028,982,1004,5650,-0.005940594059405946
2360,2007-08-22,1010,1022,1004,1023,4080,0.018924302788844605
2361,2007-08-23,1022,1053,1004,1016,3970,-0.006842619745845546
2362,2007-08-24,982,1004,949,974,15085,-0.04133858267716539
2363,2007-08-27,979,995,961,986,8410,0.012320328542094527
2364,2007-08-28,967,1007,961,1007,9140,0.02129817444219073
2365,2007-08-29,979,988,955,971,8000,-0.03574975173783512
2366,2007-08-30,973,1007,970,995,14180,0.02471678681771361
2367,2007-08-31,995,995,967,967,10503,-0.028140703517587906
2368,2007-09-03,973,973,961,971,9710,0.004136504653567741
2369,2007-09-04,958,976,930,934,24330,-0.03810504634397527
2370,2007-09-05,936,967,936,940,235865,0.0064239828693790635
2371,2007-09-06,964,964,939,958,8720,0.01914893617021285
2372,2007-09-07,970,970,942,958,5880,0.0
2373,2007-09-10,955,955,906,925,4750,-0.034446764091857984
2374,2007-09-11,924,939,909,925,6520,0.0
2375,2007-09-12,942,942,893,903,7710,-0.023783783783783763
2376,2007-09-13,918,949,903,949,10770,0.05094130675526021
2377,2007-09-14,961,961,921,937,11950,-0.012644889357218081
2378,2007-09-17,918,946,918,946,5930,0.009605122732123883
2379,2007-09-18,955,961,927,955,3660,0.009513742071881603
2380,2007-09-19,970,991,942,992,10890,0.03874345549738223
2381,2007-09-20,1019,1019,967,980,2860,-0.012096774193548376
2382,2007-09-21,1001,1001,936,980,1650,0.0
2383,2007-09-27,1010,1010,967,980,2230,0.0
2384,2007-09-28,973,1004,936,971,6720,-0.009183673469387754
2385,2007-10-01,973,991,967,986,7060,0.015447991761071034
2386,2007-10-02,1004,1016,967,1016,20360,0.030425963488843744
2387,2007-10-04,1010,1037,973,1007,10150,-0.008858267716535417
2388,2007-10-05,1007,1007,952,974,108680,-0.03277060575968227
2389,2007-10-08,991,991,930,931,15630,-0.04414784394250515
2390,2007-10-09,949,949,912,934,6910,0.0032223415682062218
2391,2007-10-10,918,979,918,928,16740,-0.0064239828693790635
2392,2007-10-11,930,955,906,955,10430,0.02909482758620685
2393,2007-10-12,955,955,890,891,10380,-0.06701570680628277
2394,2007-10-15,909,930,890,918,5660,0.030303030303030276
2395,2007-10-16,921,921,796,845,21320,-0.079520697167756
2396,2007-10-17,845,918,845,897,20590,0.06153846153846154
2397,2007-10-18,894,918,872,912,6650,0.01672240802675584
2398,2007-10-19,894,915,878,894,4020,-0.019736842105263164
2399,2007-10-22,875,897,851,885,2670,-0.010067114093959773
2400,2007-10-23,884,915,869,891,4070,0.006779661016949046
2401,2007-10-24,903,918,887,888,4720,-0.0033670033670033517
2402,2007-10-25,887,900,872,900,530,0.013513513513513598
2403,2007-10-26,903,903,875,879,1890,-0.023333333333333317
2404,2007-10-29,878,900,878,897,1520,0.020477815699658786
2405,2007-10-30,887,915,869,873,4730,-0.026755852842809347
2406,2007-10-31,875,875,863,873,2870,0.0
2407,2007-11-01,872,887,851,854,4180,-0.021764032073310458
2408,2007-11-02,851,854,814,854,6970,0.0
2409,2007-11-05,857,884,823,876,10611,0.025761124121779888
2410,2007-11-06,887,887,845,888,6130,0.013698630136986356
2411,2007-11-07,887,894,857,879,2720,-0.010135135135135087
2412,2007-11-08,848,863,817,839,9540,-0.04550625711035272
2413,2007-11-09,841,841,805,836,7460,-0.0035756853396901045
2414,2007-11-12,814,835,792,814,4300,-0.02631578947368418
2415,2007-11-13,814,814,789,802,1700,-0.014742014742014753
2416,2007-11-14,811,832,799,827,6280,0.0311720698254363
2417,2007-11-15,802,808,780,787,14260,-0.048367593712212775
2418,2007-11-16,780,799,768,784,870,-0.003811944091486663
2419,2007-11-19,792,792,768,772,3880,-0.015306122448979553
2420,2007-11-20,765,771,734,768,4050,-0.005181347150259086
2421,2007-11-21,768,768,740,759,1410,-0.01171875
2422,2007-11-22,759,759,731,744,3090,-0.01976284584980237
2423,2007-11-23,734,734,691,713,5800,-0.04166666666666663
2424,2007-11-26,722,750,722,732,2120,0.026647966339411022
2425,2007-11-27,722,722,685,710,1750,-0.030054644808743203
2426,2007-11-28,710,731,707,710,1840,0.0
2427,2007-11-29,740,740,707,710,15570,0.0
2428,2007-11-30,722,731,704,729,6350,0.026760563380281654
2429,2007-12-03,750,753,716,741,1790,0.016460905349794164
2430,2007-12-04,734,740,719,735,8800,-0.0080971659919028
2431,2007-12-05,722,759,710,756,25460,0.02857142857142847
2432,2007-12-06,747,777,743,772,11730,0.021164021164021163
2433,2007-12-07,759,774,756,772,7450,0.0
2434,2007-12-10,759,789,734,772,9950,0.0
2435,2007-12-11,759,777,743,744,14500,-0.03626943005181349
2436,2007-12-12,734,743,719,744,7180,0.0
2437,2007-12-13,728,762,728,762,3830,0.024193548387096753
2438,2007-12-14,762,762,728,729,4120,-0.04330708661417326
2439,2007-12-17,731,731,710,732,3910,0.004115226337448652
2440,2007-12-18,713,725,710,726,4310,-0.008196721311475419
2441,2007-12-20,716,728,716,726,21200,0.0
2442,2007-12-21,725,728,710,723,570,-0.004132231404958664
2443,2007-12-24,722,747,719,729,21220,0.008298755186721962
2444,2007-12-26,728,737,713,732,10800,0.004115226337448652
2445,2007-12-27,719,725,716,716,590,-0.021857923497267784
2446,2007-12-28,728,728,725,729,130,0.018156424581005526
2447,2008-01-02,728,728,704,704,3970,-0.03429355281207136
2448,2008-01-03,698,713,685,707,2200,0.0042613636363635354
2449,2008-01-04,707,707,688,704,1320,-0.004243281471004279
2450,2008-01-07,701,704,688,698,1520,-0.008522727272727293
2451,2008-01-08,704,704,688,701,2890,0.004297994269341077
2452,2008-01-09,676,704,676,701,2480,0.0
2453,2008-01-10,676,691,676,683,1560,-0.025677603423680417
2454,2008-01-11,682,694,682,683,1960,0.0
2455,2008-01-14,688,688,661,674,4330,-0.013177159590043952
2456,2008-01-15,673,673,655,671,6970,-0.004451038575667643
2457,2008-01-16,646,667,624,625,27480,-0.0685543964232489
2458,2008-01-17,624,636,621,637,7690,0.019200000000000106
2459,2008-01-18,615,636,606,612,77790,-0.039246467817896424
2460,2008-01-21,612,612,593,604,81040,-0.013071895424836555
2461,2008-01-22,594,609,581,594,7200,-0.01655629139072845
2462,2008-01-23,603,603,572,573,16450,-0.03535353535353536
2463,2008-01-24,573,593,573,589,79520,0.027923211169284423
2464,2008-01-25,580,598,580,598,7941,0.015280135823429575
2465,2008-01-28,589,593,584,593,2330,-0.00836120401337792
2466,2008-01-29,592,602,587,591,20851,-0.003372681281618939
2467,2008-01-30,590,590,579,587,2120,-0.006768189509306244
2468,2008-01-31,592,592,576,587,1940,0.0
2469,2008-02-01,600,600,583,597,8350,0.017035775127768327
2470,2008-02-04,597,598,590,594,30170,-0.005025125628140725
2471,2008-02-05,594,594,587,593,7320,-0.0016835016835017313
2472,2008-02-11,579,591,578,590,2111,-0.005059021922428353
2473,2008-02-12,581,589,580,587,6100,-0.005084745762711895
2474,2008-02-13,586,593,581,585,4571,-0.0034071550255536653
2475,2008-02-14,590,592,582,590,2470,0.008547008547008517
2476,2008-02-15,590,597,581,592,16560,0.003389830508474523
2477,2008-02-18,587,593,585,588,11520,-0.006756756756756799
2478,2008-02-19,589,599,579,588,39341,0.0
2479,2008-02-20,585,587,579,579,13060,-0.015306122448979553
2480,2008-02-21,585,585,579,585,2980,0.010362694300518172
2481,2008-02-22,576,581,576,579,2350,-0.01025641025641022
2482,2008-02-25,586,587,575,581,3610,0.003454231433505983
2483,2008-02-26,581,581,573,573,8559,-0.013769363166953541
2484,2008-02-27,576,597,576,580,10950,0.01221640488656206
2485,2008-02-28,582,599,582,595,423000,0.02586206896551735
2486,2008-02-29,600,601,589,597,9620,0.003361344537815114
2487,2008-03-03,590,598,587,596,4571,-0.0016750418760469454
2488,2008-03-04,599,609,590,606,6060,0.016778523489932917
2489,2008-03-05,615,652,609,628,46801,0.03630363036303641
2490,2008-03-06,642,646,615,622,11960,-0.009554140127388533
2491,2008-03-07,624,624,595,598,8070,-0.03858520900321538
2492,2008-03-10,591,592,569,571,15280,-0.04515050167224077
2493,2008-03-11,560,579,555,568,6150,-0.005253940455341555
2494,2008-03-12,573,581,573,579,5370,0.01936619718309851
2495,2008-03-13,575,578,563,568,4650,-0.01899827288428324
2496,2008-03-14,575,575,563,574,5260,0.010563380281690238
2497,2008-03-17,575,587,569,588,15010,0.024390243902439046
2498,2008-03-18,575,581,570,576,6050,-0.020408163265306145
2499,2008-03-19,581,606,576,600,5910,0.04166666666666674
2500,2008-03-20,587,603,587,599,893,-0.0016666666666667052
2501,2008-03-21,600,600,586,601,2710,0.0033388981636059967
2502,2008-03-24,593,607,593,603,6317,0.0033277870216306127
2503,2008-03-25,606,606,597,604,1939,0.0016583747927032544
2504,2008-03-26,603,603,600,600,3690,-0.0066225165562914245
2505,2008-03-27,599,604,590,603,1570,0.004999999999999893
2506,2008-03-28,608,608,597,608,5230,0.008291873963515828
2507,2008-03-31,608,618,600,618,3060,0.016447368421052655
2508,2008-04-01,630,630,612,615,19990,-0.004854368932038833
2509,2008-04-02,615,627,606,628,6090,0.021138211382113914
2510,2008-04-03,630,630,612,625,3130,-0.004777070063694322
2511,2008-04-04,624,624,602,612,24660,-0.02080000000000004
2512,2008-04-07,612,615,600,605,2210,-0.011437908496731986
2513,2008-04-08,604,611,600,604,1270,-0.0016528925619834212
2514,2008-04-10,604,615,601,606,3070,0.0033112582781456013
2515,2008-04-11,603,649,603,640,16250,0.05610561056105601
2516,2008-04-14,636,642,621,631,6370,-0.014062499999999978
2517,2008-04-15,624,636,612,628,6495,-0.004754358161648153
2518,2008-04-16,618,639,618,634,4860,0.009554140127388644
2519,2008-04-17,633,642,621,634,7610,0.0
2520,2008-04-18,636,639,618,640,2390,0.009463722397476282
2521,2008-04-21,642,649,630,646,8721,0.009374999999999911
2522,2008-04-22,636,664,633,640,6160,-0.009287925696594423
2523,2008-04-23,639,652,636,637,5920,-0.004687499999999956
2524,2008-04-24,642,649,636,640,4920,0.0047095761381474865
2525,2008-04-25,636,642,627,640,6990,0.0
2526,2008-04-28,639,649,633,637,9580,-0.004687499999999956
2527,2008-04-29,630,658,630,637,9920,0.0
2528,2008-04-30,642,664,636,664,5611,0.042386185243328045
2529,2008-05-02,664,685,664,671,14650,0.010542168674698704
2530,2008-05-06,661,691,661,692,6140,0.03129657228017879
2531,2008-05-07,691,698,676,683,5610,-0.013005780346820761
2532,2008-05-08,688,688,667,683,5880,0.0
2533,2008-05-09,682,691,670,680,3550,-0.004392386530014614
2534,2008-05-13,682,691,667,692,6490,0.01764705882352935
2535,2008-05-14,679,691,676,677,1809,-0.021676300578034713
2536,2008-05-15,673,688,673,683,3490,0.008862629246676468
2537,2008-05-16,673,679,655,667,9640,-0.02342606149341142
2538,2008-05-19,667,667,649,667,8492,0.0
2539,2008-05-20,658,673,649,649,5620,-0.026986506746626726
2540,2008-05-21,642,655,636,649,6750,0.0
2541,2008-05-22,649,649,615,628,9980,-0.03235747303543912
2542,2008-05-23,627,630,606,606,7715,-0.035031847133757954
2543,2008-05-26,604,604,587,588,12094,-0.02970297029702973
2544,2008-05-27,582,612,582,611,2650,0.03911564625850339
2545,2008-05-28,611,611,594,603,3340,-0.013093289689034338
2546,2008-05-29,602,606,592,595,3000,-0.013266998341625258
2547,2008-05-30,594,624,594,625,5860,0.050420168067226934
2548,2008-06-02,624,630,618,628,6620,0.0047999999999999154
2549,2008-06-03,618,624,611,625,1030,-0.004777070063694322
2550,2008-06-04,615,633,612,625,3380,0.0
2551,2008-06-05,624,630,606,631,6130,0.009600000000000053
2552,2008-06-09,627,633,606,634,13851,0.004754358161648264
2553,2008-06-10,636,655,627,628,8330,-0.009463722397476393
2554,2008-06-11,646,646,636,637,740,0.014331210191082855
2555,2008-06-12,630,630,612,618,14880,-0.02982731554160123
2556,2008-06-13,618,624,595,625,3620,0.01132686084142387
2557,2008-06-16,630,630,609,625,4260,0.0
2558,2008-06-17,615,621,606,606,2260,-0.030399999999999983
2559,2008-06-18,606,630,597,628,12431,0.03630363036303641
2560,2008-06-19,612,621,606,618,13090,-0.015923566878980888
2561,2008-06-20,609,612,598,608,8410,-0.016181229773462813
2562,2008-06-23,603,606,598,606,780,-0.003289473684210509
2563,2008-06-24,587,601,587,602,1320,-0.0066006600660065695
2564,2008-06-25,590,593,585,588,5520,-0.023255813953488413
2565,2008-06-26,589,596,585,591,2940,0.005102040816326481
2566,2008-06-27,578,589,570,589,25280,-0.0033840947546531774
2567,2008-06-30,587,673,581,643,20770,0.09168081494057723
2568,2008-07-01,646,646,609,612,7330,-0.04821150855365475
2569,2008-07-02,612,630,581,612,10470,0.0
2570,2008-07-03,572,603,572,600,2650,-0.019607843137254943
2571,2008-07-04,608,608,583,596,2700,-0.00666666666666671
2572,2008-07-07,592,592,582,591,1140,-0.008389261744966459
2573,2008-07-08,584,587,540,586,4190,-0.008460236886632777
2574,2008-07-09,585,587,560,585,5580,-0.0017064846416382506
2575,2008-07-10,557,573,557,574,350,-0.018803418803418848
2576,2008-07-11,566,587,566,587,1990,0.022648083623693305
2577,2008-07-14,585,585,567,567,1290,-0.03407155025553665
2578,2008-07-15,560,572,544,554,7770,-0.022927689594356315
2579,2008-07-16,562,562,544,554,2300,0.0
2580,2008-07-17,563,577,544,553,4730,-0.0018050541516245744
2581,2008-07-18,557,557,538,542,5790,-0.019891500904159143
2582,2008-07-21,541,553,540,552,2150,0.01845018450184499
2583,2008-07-22,556,556,540,555,1450,0.005434782608695565
2584,2008-07-23,554,563,551,563,3480,0.01441441441441449
2585,2008-07-24,563,569,557,569,1690,0.010657193605683846
2586,2008-07-25,553,554,544,547,6901,-0.038664323374341
2587,2008-07-28,549,554,549,554,1450,0.01279707495429605
2588,2008-07-29,554,554,544,545,690,-0.016245487364620947
2589,2008-07-30,544,553,543,548,731,0.005504587155963359
2590,2008-07-31,562,562,535,540,1889,-0.014598540145985384
2591,2008-08-01,539,548,525,533,13030,-0.012962962962962954
2592,2008-08-04,532,532,532,533,230,0.0
2593,2008-08-05,540,540,515,516,2130,-0.031894934333958735
2594,2008-08-06,515,526,515,526,4020,0.019379844961240345
2595,2008-08-07,523,523,514,517,4704,-0.017110266159695797
2596,2008-08-08,509,522,509,517,1580,0.0
2597,2008-08-11,519,530,519,531,590,0.027079303675048294
2598,2008-08-12,534,534,521,535,1266,0.007532956685499137
2599,2008-08-13,527,549,527,550,1470,0.028037383177569986
2600,2008-08-14,549,557,532,556,1160,0.01090909090909098
2601,2008-08-18,543,543,524,524,11500,-0.05755395683453235
2602,2008-08-19,524,525,515,526,3360,0.003816793893129722
2603,2008-08-20,525,525,511,522,4060,-0.0076045627376425395
2604,2008-08-21,514,514,508,508,3855,-0.026819923371647514
2605,2008-08-22,508,508,489,502,3970,-0.011811023622047223
2606,2008-08-25,503,503,493,502,950,0.0
2607,2008-08-26,495,502,481,482,15675,-0.03984063745019917
2608,2008-08-27,478,489,478,479,870,-0.006224066390041472
2609,2008-08-28,478,495,478,496,9710,0.035490605427974886
2610,2008-08-29,488,508,488,508,8720,0.024193548387096753
2611,2008-09-01,505,506,478,501,760,-0.013779527559055094
2612,2008-09-02,483,495,478,496,1100,-0.009980039920159722
2613,2008-09-03,488,493,488,494,450,-0.0040322580645161255
2614,2008-09-04,480,502,477,497,18180,0.006072874493927127
2615,2008-09-05,508,508,508,508,40,0.02213279678068414
2616,2008-09-08,521,521,518,518,5150,0.019685039370078705
2617,2008-09-09,495,514,495,514,210,-0.007722007722007707
2618,2008-09-10,512,512,510,511,70,-0.005836575875486361
2619,2008-09-11,502,506,502,506,5930,-0.009784735812133127
2620,2008-09-12,519,519,502,505,1290,-0.0019762845849802257
2621,2008-09-16,494,494,477,492,140,-0.025742574257425765
2622,2008-09-17,495,495,483,495,4810,0.0060975609756097615
2623,2008-09-18,478,495,477,489,2370,-0.012121212121212088
2624,2008-09-19,505,505,489,489,4240,0.0
2625,2008-09-22,487,487,481,484,1240,-0.010224948875255602
2626,2008-09-23,477,491,477,491,2561,0.01446280991735538
2627,2008-09-24,489,489,477,484,3441,-0.014256619144602856
2628,2008-09-25,478,479,472,478,4519,-0.012396694214875992
2629,2008-09-26,477,479,469,476,6911,-0.004184100418409997
2630,2008-09-29,473,478,470,472,21960,-0.008403361344537785
2631,2008-09-30,465,477,449,478,48561,0.012711864406779627
2632,2008-10-01,477,480,464,465,1530,-0.027196652719665315
2633,2008-10-02,459,468,456,468,5110,0.006451612903225712
2634,2008-10-06,446,446,422,424,9850,-0.09401709401709402
2635,2008-10-07,410,428,405,425,2250,0.002358490566037652
2636,2008-10-08,410,410,391,397,5730,-0.0658823529411765
2637,2008-10-09,419,419,387,408,3620,0.027707808564231717
2638,2008-10-10,369,404,347,404,19050,-0.009803921568627416
2639,2008-10-13,364,390,358,364,55288,-0.09900990099009899
2640,2008-10-14,384,384,370,377,14460,0.03571428571428581
2641,2008-10-15,379,379,361,374,22015,-0.007957559681697646
2642,2008-10-16,345,361,337,361,162830,-0.03475935828877008
2643,2008-10-17,372,372,343,360,2910,-0.0027700831024930483
2644,2008-10-20,356,356,310,328,11060,-0.0888888888888889
2645,2008-10-21,340,340,326,327,2280,-0.0030487804878048808
2646,2008-10-22,325,374,312,324,6850,-0.00917431192660545
2647,2008-10-23,293,293,280,282,9965,-0.12962962962962965
2648,2008-10-24,281,284,248,249,8560,-0.11702127659574468
2649,2008-10-27,244,263,232,233,5700,-0.06425702811244982
2650,2008-10-28,221,251,220,239,14350,0.025751072961373467
2651,2008-10-29,242,256,242,243,9400,0.01673640167364021
2652,2008-10-30,257,279,246,279,8550,0.14814814814814814
2653,2008-10-31,278,305,269,306,6362,0.09677419354838701
2654,2008-11-03,318,320,311,318,7580,0.03921568627450989
2655,2008-11-04,323,324,319,325,1360,0.022012578616352307
2656,2008-11-05,326,335,313,325,3761,0.0
2657,2008-11-06,318,318,281,305,5050,-0.06153846153846154
2658,2008-11-07,267,311,263,311,5470,0.01967213114754096
2659,2008-11-10,333,333,293,307,6650,-0.012861736334405127
2660,2008-11-11,312,312,298,312,390,0.016286644951140072
2661,2008-11-12,290,312,290,312,850,0.0
2662,2008-11-13,285,300,285,300,120,-0.038461538461538436
2663,2008-11-14,315,315,313,314,320,0.046666666666666634
2664,2008-11-17,303,323,281,323,2480,0.02866242038216571
2665,2008-11-18,296,308,296,306,1620,-0.052631578947368474
2666,2008-11-19,305,305,281,305,440,-0.0032679738562091387
2667,2008-11-20,293,301,293,302,890,-0.00983606557377048
2668,2008-11-21,301,315,290,316,420,0.04635761589403975
2669,2008-11-24,321,321,268,269,52870,-0.1487341772151899
2670,2008-11-25,268,279,251,257,5020,-0.044609665427509326
2671,2008-11-26,266,266,257,258,2430,0.0038910505836575737
2672,2008-11-27,258,273,257,263,4270,0.019379844961240345
2673,2008-11-28,286,302,284,303,22118,0.15209125475285168
2674,2008-12-01,333,333,295,296,7740,-0.02310231023102305
2675,2008-12-02,275,286,267,286,3608,-0.03378378378378377
2676,2008-12-03,278,286,275,276,1040,-0.034965034965035
2677,2008-12-04,303,303,272,279,1550,0.010869565217391353
2678,2008-12-05,277,280,270,278,2230,-0.0035842293906810374
2679,2008-12-08,278,290,273,288,2100,0.03597122302158273
2680,2008-12-09,284,287,280,280,8880,-0.02777777777777779
2681,2008-12-10,289,304,276,303,10440,0.08214285714285707
2682,2008-12-11,286,303,286,290,6530,-0.04290429042904287
2683,2008-12-12,290,293,281,282,3940,-0.02758620689655178
2684,2008-12-15,284,296,276,295,3140,0.046099290780141855
2685,2008-12-16,298,298,298,299,160,0.013559322033898313
2686,2008-12-17,304,306,293,298,2280,-0.0033444816053511683
2687,2008-12-18,305,312,294,302,4820,0.01342281879194629
2688,2008-12-19,308,308,291,297,9510,-0.01655629139072845
2689,2008-12-22,296,306,291,291,3320,-0.02020202020202022
2690,2008-12-23,293,297,284,293,2700,0.0068728522336769515
2691,2008-12-24,287,297,281,297,5880,0.013651877133105783
2692,2008-12-26,300,311,296,310,5020,0.04377104377104368
2693,2008-12-29,298,318,296,317,2040,0.022580645161290214
2694,2008-12-30,336,336,303,317,14990,0.0
2695,2009-01-02,306,321,306,321,90,0.012618296529968376
2696,2009-01-05,307,321,307,321,1050,0.0
2697,2009-01-06,321,321,312,321,2150,0.0
2698,2009-01-07,324,324,318,325,1830,0.012461059190031154
2699,2009-01-08,324,324,321,321,7020,-0.012307692307692353
2700,2009-01-09,313,320,306,306,2787,-0.04672897196261683
2701,2009-01-12,317,317,305,306,400,0.0
2702,2009-01-13,305,312,303,311,1070,0.016339869281045694
2703,2009-01-14,311,311,311,311,10,0.0
2704,2009-01-15,303,308,293,309,80,-0.006430868167202619
2705,2009-01-16,306,306,294,305,650,-0.012944983818770184
2706,2009-01-19,305,306,298,300,1210,-0.016393442622950838
2707,2009-01-20,291,303,291,303,30,0.010000000000000009
2708,2009-01-21,290,303,289,289,2950,-0.04620462046204621
2709,2009-01-22,292,292,287,288,1782,-0.0034602076124568004
2710,2009-01-23,287,287,275,280,2490,-0.02777777777777779
2711,2009-01-28,280,299,280,293,1552,0.046428571428571486
2712,2009-01-29,292,293,285,291,14300,-0.0068259385665528916
2713,2009-01-30,281,290,280,291,44955,0.0
2714,2009-02-02,289,289,282,290,1690,-0.0034364261168384758
2715,2009-02-03,281,289,281,290,3190,0.0
2716,2009-02-04,286,296,286,293,4620,0.010344827586206806
2717,2009-02-05,287,292,284,288,30551,-0.017064846416382284
2718,2009-02-06,289,300,289,299,14540,0.03819444444444442
2719,2009-02-09,300,303,298,299,4300,0.0
2720,2009-02-10,298,300,298,299,8290,0.0
2721,2009-02-11,296,306,284,300,7680,0.0033444816053511683
2722,2009-02-12,300,318,300,306,6971,0.020000000000000018
2723,2009-02-13,301,324,301,323,10690,0.05555555555555558
2724,2009-02-16,321,328,319,327,9540,0.01238390092879249
2725,2009-02-17,325,330,306,317,12475,-0.030581039755351647
2726,2009-02-18,306,310,295,300,15482,-0.05362776025236593
2727,2009-02-19,302,306,295,303,2940,0.010000000000000009
2728,2009-02-20,296,296,287,296,3110,-0.02310231023102305
2729,2009-02-23,288,302,287,302,2320,0.020270270270270174
2730,2009-02-24,291,296,291,294,1523,-0.026490066225165587
2731,2009-02-25,305,305,283,286,3222,-0.027210884353741527
2732,2009-02-26,281,290,281,288,4945,0.006993006993007089
2733,2009-02-27,287,291,281,291,5370,0.01041666666666674
2734,2009-03-02,281,284,281,285,960,-0.020618556701030966
2735,2009-03-03,275,281,275,278,650,-0.024561403508771895
2736,2009-03-04,275,290,272,284,1400,0.021582733812949728
2737,2009-03-05,283,283,283,284,90,0.0
2738,2009-03-06,276,286,275,286,5110,0.007042253521126751
2739,2009-03-09,289,289,285,290,1530,0.013986013986013957
2740,2009-03-10,293,293,283,293,1461,0.010344827586206806
2741,2009-03-11,287,300,287,300,31971,0.023890784982935065
2742,2009-03-12,299,318,298,299,17210,-0.0033333333333332993
2743,2009-03-13,309,311,301,307,2850,0.026755852842809347
2744,2009-03-16,312,315,304,314,4712,0.0228013029315961
2745,2009-03-17,315,315,303,312,3163,-0.006369426751592355
2746,2009-03-18,315,317,306,312,6461,0.0
2747,2009-03-19,315,315,306,314,3986,0.0064102564102563875
2748,2009-03-20,321,321,313,317,5030,0.009554140127388644
2749,2009-03-23,318,327,312,328,6070,0.034700315457413256
2750,2009-03-24,339,339,331,331,4270,0.009146341463414531
2751,2009-03-25,329,355,328,355,14313,0.0725075528700907
2752,2009-03-26,354,379,332,360,10326,0.014084507042253502
2753,2009-03-27,361,388,361,386,9140,0.07222222222222219
2754,2009-03-30,375,391,373,392,31930,0.015544041450777257
2755,2009-03-31,391,416,388,416,21130,0.061224489795918435
2756,2009-04-01,428,475,425,459,28414,0.10336538461538458
2757,2009-04-02,477,477,434,441,8531,-0.039215686274509776
2758,2009-04-03,435,440,405,413,8100,-0.06349206349206349
2759,2009-04-06,404,434,401,435,7004,0.0532687651331718
2760,2009-04-07,424,434,420,423,2940,-0.02758620689655178
2761,2009-04-08,422,423,398,422,17460,-0.0023640661938534313
2762,2009-04-09,423,453,417,447,4290,0.05924170616113744
2763,2009-04-10,447,471,423,429,37465,-0.04026845637583898
2764,2009-04-13,434,483,417,438,26625,0.020979020979021046
2765,2009-04-14,459,459,438,438,400,0.0
2766,2009-04-15,438,488,426,468,9070,0.06849315068493156
2767,2009-04-16,480,501,459,475,17014,0.014957264957264904
2768,2009-04-17,462,488,462,475,1058,0.0
2769,2009-04-20,473,483,446,484,6250,0.0189473684210526
2770,2009-04-21,459,474,457,459,2898,-0.051652892561983466
2771,2009-04-22,459,488,450,485,3880,0.056644880174292034
2772,2009-04-23,489,489,465,481,2580,-0.008247422680412342
2773,2009-04-24,468,475,462,462,600,-0.03950103950103945
2774,2009-04-27,437,471,436,437,2200,-0.05411255411255411
2775,2009-04-28,428,440,428,441,1560,0.009153318077803174
2776,2009-04-29,414,419,407,410,9028,-0.07029478458049887
2777,2009-04-30,415,425,412,416,2170,0.014634146341463428
2778,2009-05-04,422,439,419,431,2170,0.03605769230769229
2779,2009-05-06,420,420,410,421,14720,-0.023201856148491906
2780,2009-05-07,422,423,416,419,9100,-0.004750593824228044
2781,2009-05-08,419,419,410,416,620,-0.007159904534606243
2782,2009-05-11,416,465,415,453,15110,0.08894230769230771
2783,2009-05-12,446,446,428,429,4774,-0.052980132450331174
2784,2009-05-13,428,441,428,441,4830,0.027972027972027913
2785,2009-05-14,426,439,426,439,2243,-0.0045351473922902175
2786,2009-05-15,439,455,428,431,16010,-0.018223234624145768
2787,2009-05-18,431,443,429,441,7600,0.023201856148491906
2788,2009-05-19,443,458,441,450,5890,0.020408163265306145
2789,2009-05-20,450,461,448,461,3350,0.02444444444444449
2790,2009-05-21,465,465,440,454,4500,-0.015184381778741818
2791,2009-05-22,453,489,453,468,17500,0.03083700440528636
2792,2009-05-25,459,499,459,481,9104,0.02777777777777768
2793,2009-05-26,489,489,459,478,1960,-0.006237006237006182
2794,2009-05-27,477,489,451,453,10500,-0.05230125523012552
2795,2009-05-28,435,453,435,452,1150,-0.002207505518763808
2796,2009-05-29,459,459,439,447,6540,-0.011061946902654829
2797,2009-06-01,470,470,435,447,1340,0.0
2798,2009-06-02,460,465,437,437,5844,-0.022371364653243853
2799,2009-06-03,429,442,423,441,46710,0.009153318077803174
2800,2009-06-04,440,462,433,459,23450,0.04081632653061229
2801,2009-06-05,462,470,443,453,17320,-0.013071895424836555
2802,2009-06-08,440,459,435,459,36170,0.013245033112582849
2803,2009-06-09,458,458,433,446,12010,-0.028322440087146017
2804,2009-06-10,447,447,431,432,12810,-0.03139013452914796
2805,2009-06-11,448,471,432,468,12020,0.08333333333333326
2806,2009-06-12,447,465,439,453,43530,-0.03205128205128205
2807,2009-06-15,470,470,440,441,15522,-0.026490066225165587
2808,2009-06-16,440,462,440,456,8170,0.03401360544217691
2809,2009-06-17,453,459,447,460,15370,0.00877192982456143
2810,2009-06-18,459,499,450,490,43710,0.0652173913043479
2811,2009-06-19,489,500,472,490,10417,0.0
2812,2009-06-22,489,529,489,509,56440,0.038775510204081653
2813,2009-06-23,490,505,477,480,30369,-0.056974459724950854
2814,2009-06-24,474,485,467,480,31870,0.0
2815,2009-06-25,472,504,472,505,11720,0.05208333333333326
2816,2009-06-26,499,525,495,525,26240,0.03960396039603964
2817,2009-06-29,523,538,517,532,22140,0.01333333333333342
2818,2009-06-30,535,535,517,532,10300,0.0
2819,2009-07-01,522,535,508,535,10220,0.005639097744360999
2820,2009-07-02,536,541,526,542,14670,0.013084112149532645
2821,2009-07-03,538,544,526,544,9680,0.0036900369003689537
2822,2009-07-06,535,548,533,547,9180,0.005514705882353033
2823,2009-07-07,541,549,528,550,13990,0.005484460694698434
2824,2009-07-08,552,552,527,533,5210,-0.030909090909090886
2825,2009-07-09,540,540,515,538,12740,0.009380863039399667
2826,2009-07-10,531,538,527,536,22210,-0.0037174721189591198
2827,2009-07-13,535,535,511,520,16802,-0.02985074626865669
2828,2009-07-14,537,537,511,517,11569,-0.005769230769230749
2829,2009-07-15,517,535,508,514,19498,-0.005802707930367523
2830,2009-07-16,516,520,508,508,3331,-0.011673151750972721
2831,2009-07-17,505,532,503,516,4932,0.015748031496062964
2832,2009-07-20,520,538,492,493,49730,-0.04457364341085268
2833,2009-07-21,495,495,475,478,55780,-0.030425963488843855
2834,2009-07-22,479,480,458,461,34070,-0.03556485355648531
2835,2009-07-23,461,465,453,460,56607,-0.002169197396963085
2836,2009-07-24,464,489,456,465,248701,0.010869565217391353
2837,2009-07-27,466,483,395,459,48234,-0.012903225806451646
2838,2009-07-28,458,458,450,451,3280,-0.017429193899782147
2839,2009-07-29,448,462,448,453,11047,0.0044345898004434225
2840,2009-07-30,450,454,439,440,21080,-0.028697571743929395
2841,2009-07-31,445,448,438,443,42680,0.006818181818181834
2842,2009-08-03,441,443,439,441,31930,-0.004514672686230292
2843,2009-08-04,442,452,442,447,27150,0.013605442176870763
2844,2009-08-05,444,452,442,444,34230,-0.006711409395973145
2845,2009-08-06,443,445,442,443,10452,-0.0022522522522522292
2846,2009-08-07,443,450,443,447,24412,0.009029345372460584
2847,2009-08-10,461,461,450,456,39021,0.020134228187919545
2848,2009-08-11,455,459,452,459,18922,0.006578947368421018
2849,2009-08-12,459,459,451,453,37754,-0.013071895424836555
2850,2009-08-13,453,459,452,453,33728,0.0
2851,2009-08-14,452,459,452,459,44161,0.013245033112582849
2852,2009-08-17,464,483,462,474,39550,0.03267973856209161
2853,2009-08-18,473,474,440,459,26532,-0.03164556962025311
2854,2009-08-19,459,465,453,458,8823,-0.002178649237472796
2855,2009-08-20,453,471,447,471,45151,0.028384279475982543
2856,2009-08-21,477,538,472,532,105470,0.1295116772823779
2857,2009-08-24,544,562,527,551,51673,0.03571428571428581
2858,2009-08-25,562,562,541,557,15590,0.010889292196007316
2859,2009-08-26,557,565,541,566,35950,0.016157989228007263
2860,2009-08-27,551,557,545,557,9311,-0.01590106007067138
2861,2009-08-28,551,554,526,554,23771,-0.0053859964093356805
2862,2009-08-31,553,569,541,569,13712,0.02707581227436817
2863,2009-09-01,568,611,564,574,32007,0.008787346221441172
2864,2009-09-02,557,572,549,550,32141,-0.04181184668989546
2865,2009-09-03,541,555,528,550,37440,0.0
2866,2009-09-04,544,568,533,549,39248,-0.0018181818181818299
2867,2009-09-07,544,571,544,544,8390,-0.00910746812386154
2868,2009-09-08,536,549,536,544,15460,0.0
2869,2009-09-09,533,542,527,527,3360,-0.03125
2870,2009-09-10,526,569,526,536,27920,0.017077798861480087
2871,2009-09-11,525,563,525,551,19141,0.027985074626865725
2872,2009-09-14,556,556,529,533,4191,-0.03266787658802173
2873,2009-09-15,530,548,526,548,9896,0.02814258911819878
2874,2009-09-16,538,560,537,557,11880,0.01642335766423364
2875,2009-09-17,557,557,524,550,80680,-0.012567324955116699
2876,2009-09-18,538,549,535,536,4920,-0.025454545454545507
2877,2009-09-21,535,535,526,530,8320,-0.011194029850746245
2878,2009-09-22,525,535,520,533,13410,0.005660377358490676
2879,2009-09-23,543,543,525,533,4190,0.0
2880,2009-09-24,541,541,503,526,22400,-0.013133208255159512
2881,2009-09-25,510,551,510,551,12830,0.04752851711026618
2882,2009-09-28,533,549,529,550,5750,-0.001814882032667886
2883,2009-09-29,540,547,535,547,9260,-0.00545454545454549
2884,2009-09-30,546,549,535,550,12090,0.005484460694698434
2885,2009-10-01,568,568,533,533,6530,-0.030909090909090886
2886,2009-10-05,534,534,505,520,13550,-0.024390243902439046
2887,2009-10-06,525,526,508,516,16990,-0.007692307692307665
2888,2009-10-07,519,519,505,516,7950,0.0
2889,2009-10-08,514,525,508,525,6120,0.01744186046511631
2890,2009-10-09,529,529,521,530,1020,0.00952380952380949
2891,2009-10-12,521,531,517,520,1866,-0.018867924528301883
2892,2009-10-13,532,532,514,522,24300,0.0038461538461538325
2893,2009-10-14,519,529,518,527,21170,0.009578544061302763
2894,2009-10-15,526,536,521,525,390,-0.003795066413662229
2895,2009-10-16,535,535,522,522,1570,-0.005714285714285672
2896,2009-10-19,512,524,511,512,2710,-0.019157088122605415
2897,2009-10-20,528,528,514,519,335,0.013671875
2898,2009-10-21,508,528,508,528,3400,0.01734104046242768
2899,2009-10-22,535,535,508,519,2020,-0.017045454545454586
2900,2009-10-23,518,526,518,527,4020,0.015414258188824581
2901,2009-10-26,526,538,524,532,29110,0.009487666034155628
2902,2009-10-27,515,544,515,531,24710,-0.001879699248120259
2903,2009-10-28,519,550,519,550,11950,0.03578154425612046
2904,2009-10-29,543,569,513,569,37060,0.034545454545454435
2905,2009-10-30,551,569,544,568,24160,-0.0017574692442882123
2906,2009-11-02,567,567,544,557,16441,-0.01936619718309862
2907,2009-11-03,557,571,543,543,5160,-0.025134649910233398
2908,2009-11-04,544,548,535,535,1610,-0.014732965009208066
2909,2009-11-05,534,543,526,531,2390,-0.00747663551401867
2910,2009-11-06,528,543,520,527,32370,-0.007532956685499026
2911,2009-11-09,536,536,535,536,310,0.017077798861480087
2912,2009-11-10,517,530,517,530,4600,-0.011194029850746245
2913,2009-11-11,517,543,489,543,11770,0.02452830188679256
2914,2009-11-12,528,544,528,545,2150,0.0036832412523020164
2915,2009-11-13,609,609,544,545,85360,0.0
2916,2009-11-16,546,568,527,541,9980,-0.007339449541284404
2917,2009-11-17,546,556,535,550,7140,0.01663585951940849
2918,2009-11-18,544,544,533,544,7010,-0.010909090909090868
2919,2009-11-19,544,544,535,544,4660,0.0
2920,2009-11-20,543,543,543,544,1720,0.0
2921,2009-11-23,534,543,532,538,5330,-0.011029411764705843
2922,2009-11-24,538,538,530,530,950,-0.014869888475836479
2923,2009-11-25,526,531,521,529,1170,-0.0018867924528301883
2924,2009-11-26,520,526,519,526,7090,-0.005671077504725952
2925,2009-11-27,502,514,502,506,2900,-0.03802281368821292
2926,2009-11-30,508,514,505,515,5410,0.01778656126482203
2927,2009-12-01,508,526,506,527,6880,0.023300970873786353
2928,2009-12-02,522,532,520,522,6330,-0.009487666034155628
2929,2009-12-03,515,520,513,518,3458,-0.007662835249042099
2930,2009-12-04,518,519,513,519,3340,0.0019305019305020377
2931,2009-12-07,520,521,518,521,320,0.003853564547206201
2932,2009-12-08,525,525,524,525,50,0.007677543186180413
2933,2009-12-09,511,521,511,522,6620,-0.005714285714285672
2934,2009-12-10,516,532,514,532,5850,0.019157088122605304
2935,2009-12-11,526,542,526,530,17280,-0.003759398496240629
2936,2009-12-14,537,537,526,530,640,0.0
2937,2009-12-15,526,537,526,530,6560,0.0
2938,2009-12-16,526,540,525,541,1852,0.020754716981132182
2939,2009-12-17,540,540,529,533,3600,-0.014787430683918634
2940,2009-12-18,523,526,502,505,39900,-0.05253283302063794
2941,2009-12-21,504,511,503,508,6676,0.005940594059405946
2942,2009-12-22,511,511,494,496,24562,-0.023622047244094446
2943,2009-12-23,495,498,470,475,37030,-0.04233870967741937
2944,2009-12-24,475,481,475,476,16700,0.002105263157894832
2945,2009-12-28,480,498,475,494,10482,0.037815126050420256
2946,2009-12-29,494,494,475,494,4570,0.0
2947,2009-12-30,480,491,472,492,19470,-0.004048582995951455
2948,2010-01-04,484,494,484,495,2100,0.0060975609756097615
2949,2010-01-05,504,504,481,481,13460,-0.028282828282828243
2950,2010-01-06,478,486,475,487,15300,0.012474012474012364
2951,2010-01-07,481,485,467,470,17458,-0.03490759753593431
2952,2010-01-08,467,473,459,459,16060,-0.023404255319148914
2953,2010-01-11,462,464,457,459,29050,0.0
2954,2010-01-12,459,470,458,470,6532,0.023965141612200425
2955,2010-01-13,459,470,459,461,2910,-0.019148936170212738
2956,2010-01-14,465,470,465,468,210,0.015184381778741818
2957,2010-01-15,470,470,465,469,861,0.002136752136752129
2958,2010-01-18,474,474,459,461,4040,-0.017057569296375252
2959,2010-01-19,461,462,459,462,1410,0.002169197396963085
2960,2010-01-20,464,464,456,459,5940,-0.00649350649350644
2961,2010-01-21,459,461,456,462,870,0.006535947712418277
2962,2010-01-22,456,458,453,459,1631,-0.00649350649350644
2963,2010-01-25,450,458,445,447,12033,-0.02614379084967322
2964,2010-01-26,447,447,432,434,17574,-0.029082774049216997
2965,2010-01-27,432,437,420,421,19352,-0.02995391705069128
2966,2010-01-28,421,434,413,430,17540,0.0213776722090262
2967,2010-01-29,428,431,415,431,950,0.0023255813953488857
2968,2010-02-01,413,420,413,415,18441,-0.037122969837587005
2969,2010-02-02,418,424,407,415,10901,0.0
2970,2010-02-03,420,426,416,426,1470,0.026506024096385472
2971,2010-02-04,434,434,413,433,17620,0.016431924882629012
2972,2010-02-05,424,425,416,423,1700,-0.023094688221709014
2973,2010-02-08,431,431,404,405,15620,-0.04255319148936165
2974,2010-02-09,407,415,387,394,19071,-0.02716049382716046
2975,2010-02-10,398,398,390,397,31733,0.0076142131979695105
2976,2010-02-11,399,428,397,423,20290,0.06549118387909325
2977,2010-02-12,422,433,422,434,10464,0.026004728132387633
2978,2010-02-16,439,448,430,443,3310,0.02073732718894017
2979,2010-02-17,448,452,445,450,18670,0.015801354401805856
2980,2010-02-18,452,479,442,460,21153,0.022222222222222143
2981,2010-02-19,480,480,459,460,5344,0.0
2982,2010-02-22,477,481,470,482,13230,0.047826086956521685
2983,2010-02-23,481,497,481,494,70953,0.024896265560165887
2984,2010-02-24,500,502,477,502,18330,0.0161943319838056
2985,2010-02-25,501,502,485,491,18800,-0.021912350597609542
2986,2010-02-26,500,500,478,493,8850,0.004073319755600879
2987,2010-03-02,468,508,468,506,20730,0.026369168356997985
2988,2010-03-03,509,512,499,499,53270,-0.013833992094861691
2989,2010-03-04,484,502,484,499,3590,0.0
2990,2010-03-05,505,537,489,536,27550,0.07414829659318634
2991,2010-03-08,536,550,517,545,25210,0.01679104477611948
2992,2010-03-09,556,557,523,530,15362,-0.02752293577981646
2993,2010-03-10,526,532,517,517,1860,-0.024528301886792447
2994,2010-03-11,511,525,497,506,14740,-0.021276595744680882
2995,2010-03-12,499,512,499,506,3970,0.0
2996,2010-03-15,515,515,497,499,1720,-0.013833992094861691
2997,2010-03-16,499,505,499,499,550,0.0
2998,2010-03-17,507,511,503,511,12140,0.024048096192384794
2999,2010-03-18,550,550,508,519,6520,0.015655577299412915
3000,2010-03-19,544,550,517,539,47844,0.038535645472061564
3001,2010-03-22,546,546,525,538,19180,-0.0018552875695733162
3002,2010-03-23,543,551,537,538,5280,0.0
3003,2010-03-24,543,545,530,531,20110,-0.013011152416356864
3004,2010-03-25,543,549,535,539,11040,0.015065913370998052
3005,2010-03-26,549,549,533,543,11210,0.007421150278293043
3006,2010-03-29,548,548,524,543,11560,0.0
3007,2010-03-30,562,562,545,560,21410,0.03130755064456725
3008,2010-03-31,563,606,563,563,65631,0.005357142857142838
3009,2010-04-01,572,603,572,592,41566,0.051509769094138624
3010,2010-04-02,599,600,591,599,13090,0.011824324324324342
3011,2010-04-05,606,636,593,604,47636,0.008347245409014992
3012,2010-04-06,600,606,598,606,26560,0.0033112582781456013
3013,2010-04-07,606,624,589,622,15550,0.0264026402640265
3014,2010-04-08,621,710,600,674,119431,0.0836012861736335
3015,2010-04-09,691,691,642,655,35716,-0.028189910979228516
3016,2010-04-12,682,682,612,628,22430,-0.04122137404580151
3017,2010-04-13,627,639,598,615,20980,-0.02070063694267521
3018,2010-04-14,624,639,611,640,10080,0.04065040650406515
3019,2010-04-15,704,734,627,628,1008690,-0.018750000000000044
3020,2010-04-16,633,652,611,643,120461,0.023885350318471277
3021,2010-04-19,636,655,618,640,48748,-0.004665629860031051
3022,2010-04-20,658,679,642,667,114101,0.042187500000000044
3023,2010-04-21,664,676,649,664,75673,-0.004497751124437732
3024,2010-04-22,664,679,649,658,45803,-0.009036144578313254
3025,2010-04-23,667,670,646,649,33251,-0.01367781155015202
3026,2010-04-26,658,661,624,655,54458,0.009244992295839749
3027,2010-04-27,649,655,630,634,25650,-0.032061068702290085
3028,2010-04-28,615,630,611,615,24414,-0.029968454258675115
3029,2010-04-29,618,630,612,631,45908,0.026016260162601723
3030,2010-04-30,633,646,615,615,32550,-0.02535657686212356
3031,2010-05-03,615,639,612,622,22641,0.011382113821138296
3032,2010-05-04,639,642,621,640,38828,0.02893890675241151
3033,2010-05-06,624,630,615,625,19712,-0.0234375
3034,2010-05-07,590,612,590,609,38550,-0.025599999999999956
3035,2010-05-10,606,649,606,628,93351,0.031198686371100237
3036,2010-05-11,639,670,630,649,70924,0.03343949044585992
3037,2010-05-12,639,731,636,704,285143,0.0847457627118644
3038,2010-05-13,722,808,719,796,768235,0.13068181818181812
3039,2010-05-14,789,838,765,817,259147,0.02638190954773867
3040,2010-05-17,811,854,796,821,147290,0.004895960832313362
3041,2010-05-18,832,845,789,805,127826,-0.01948842874543244
3042,2010-05-19,792,835,777,833,144421,0.034782608695652195
3043,2010-05-20,835,906,771,827,207003,-0.007202881152461038
3044,2010-05-24,799,826,783,805,97802,-0.026602176541717037
3045,2010-05-25,789,802,691,747,172711,-0.07204968944099377
3046,2010-05-26,756,857,756,857,288341,0.14725568942436418
3047,2010-05-27,918,985,900,949,527194,0.1073512252042006
3048,2010-05-28,973,976,924,946,210540,-0.0031612223393044925
3049,2010-05-31,961,1007,939,949,252460,0.003171247357293794
3050,2010-06-01,949,964,890,894,216365,-0.057955742887249695
3051,2010-06-03,906,924,894,918,108864,0.02684563758389258
3052,2010-06-04,924,946,900,903,82433,-0.016339869281045805
3053,2010-06-07,851,903,851,900,88810,-0.0033222591362126463
3054,2010-06-08,900,927,893,925,53913,0.02777777777777768
3055,2010-06-09,933,933,869,882,97693,-0.046486486486486456
3056,2010-06-10,894,897,872,891,50320,0.010204081632652962
3057,2010-06-11,918,918,878,888,63540,-0.0033670033670033517
3058,2010-06-14,897,903,866,885,50661,-0.0033783783783783994
3059,2010-06-15,897,939,875,928,122205,0.0485875706214689
3060,2010-06-16,930,955,912,952,84625,0.02586206896551735
3061,2010-06-17,952,991,946,967,134130,0.015756302521008347
3062,2010-06-18,979,979,949,967,48116,0.0
3063,2010-06-21,967,979,949,977,58410,0.010341261633919352
3064,2010-06-22,958,976,942,955,53693,-0.022517911975434957
3065,2010-06-23,930,946,918,934,64040,-0.021989528795811508
3066,2010-06-24,930,930,887,909,54004,-0.02676659528907921
3067,2010-06-25,890,927,890,909,59140,0.0
3068,2010-06-28,915,918,900,909,56662,0.0
3069,2010-06-29,903,918,848,848,111845,-0.0671067106710671
3070,2010-06-30,805,869,805,857,75723,0.010613207547169878
3071,2010-07-01,845,857,817,854,47575,-0.003500583430571802
3072,2010-07-02,854,872,832,866,52930,0.014051522248243575
3073,2010-07-05,845,869,832,839,39550,-0.03117782909930711
3074,2010-07-06,829,854,814,851,34977,0.014302741358760418
3075,2010-07-07,854,854,823,827,18220,-0.02820211515863691
3076,2010-07-08,835,869,832,870,40311,0.051995163240628806
3077,2010-07-09,881,900,869,891,56070,0.024137931034482696
3078,2010-07-12,903,939,881,925,91090,0.038159371492704874
3079,2010-07-13,939,942,903,918,79450,-0.007567567567567601
3080,2010-07-14,933,933,897,918,77580,0.0
3081,2010-07-15,930,930,881,900,29005,-0.019607843137254943
3082,2010-07-16,900,900,860,860,41639,-0.0444444444444444
3083,2010-07-19,838,863,838,857,16651,-0.0034883720930232176
3084,2010-07-20,857,875,841,857,29955,0.0
3085,2010-07-21,866,866,832,833,35680,-0.028004667444574083
3086,2010-07-22,832,835,762,772,68285,-0.07322929171668668
3087,2010-07-23,786,820,759,817,51062,0.05829015544041449
3088,2010-07-26,826,884,826,860,76280,0.05263157894736836
3089,2010-07-27,860,894,851,876,35939,0.018604651162790642
3090,2010-07-28,869,887,866,876,20650,0.0
3091,2010-07-29,881,890,857,882,41442,0.006849315068493178
3092,2010-07-30,897,927,875,922,81407,0.0453514739229024
3093,2010-08-02,930,930,903,922,57140,0.0
3094,2010-08-03,921,930,890,891,30216,-0.033622559652928374
3095,2010-08-04,900,900,851,876,35104,-0.01683501683501687
3096,2010-08-05,875,890,857,882,25131,0.006849315068493178
3097,2010-08-06,881,884,860,870,23076,-0.013605442176870763
3098,2010-08-09,841,875,841,845,15341,-0.028735632183908066
3099,2010-08-10,851,875,826,839,29150,-0.007100591715976323
3100,2010-08-11,851,851,796,814,33143,-0.02979737783075087
3101,2010-08-12,796,814,789,808,33025,-0.0073710073710073765
3102,2010-08-13,808,838,802,833,22835,0.030940594059405857
3103,2010-08-16,832,832,811,833,8505,0.0
3104,2010-08-17,832,872,832,845,28533,0.014405762304922076
3105,2010-08-18,857,857,811,821,16648,-0.028402366863905293
3106,2010-08-19,826,881,826,873,49790,0.06333739342265532
3107,2010-08-20,878,881,851,876,13431,0.0034364261168384758
3108,2010-08-23,860,912,860,882,47250,0.006849315068493178
3109,2010-08-24,897,897,863,882,7664,0.0
3110,2010-08-25,881,906,866,906,37830,0.027210884353741527
3111,2010-08-26,918,958,918,925,78450,0.020971302428256067
3112,2010-08-27,927,961,909,946,67440,0.022702702702702693
3113,2010-08-30,949,1086,942,1087,279314,0.14904862579281186
3114,2010-08-31,1126,1151,1065,1102,286711,0.013799448022079108
3115,2010-09-01,1102,1159,1083,1160,300983,0.05263157894736836
3116,2010-09-02,1148,1172,1117,1127,118583,-0.028448275862068995
3117,2010-09-03,1129,1147,1083,1111,79201,-0.014196983141082531
3118,2010-09-06,1141,1145,1102,1139,38448,0.025202520252025185
3119,2010-09-07,1132,1175,1132,1139,48526,0.0
3120,2010-09-08,1126,1157,1126,1157,37410,0.015803336259877065
3121,2010-09-09,1154,1206,1138,1194,82224,0.03197925669835788
3122,2010-09-10,1215,1236,1187,1197,85480,0.002512562814070307
3123,2010-09-13,1212,1233,1166,1225,58585,0.023391812865497075
3124,2010-09-14,1230,1273,1194,1225,77476,0.0
3125,2010-09-15,1215,1230,1147,1185,102561,-0.03265306122448974
3126,2010-09-16,1175,1181,1138,1151,58511,-0.028691983122362874
3127,2010-09-17,1163,1197,1132,1188,58851,0.03214596003475245
3128,2010-09-20,1178,1239,1178,1234,78703,0.03872053872053871
3129,2010-09-24,1227,1301,1227,1298,69076,0.05186385737439214
3130,2010-09-27,1298,1328,1258,1329,54242,0.023882896764252592
3131,2010-09-28,1328,1347,1288,1310,43423,-0.014296463506395796
3132,2010-09-29,1316,1325,1276,1310,41080,0.0
3133,2010-09-30,1322,1322,1267,1323,26950,0.00992366412213741
3134,2010-10-01,1322,1337,1313,1329,26038,0.0045351473922903285
3135,2010-10-04,1328,1420,1328,1369,58302,0.03009781790820165
3136,2010-10-05,1393,1393,1298,1347,22120,-0.01607012417823228
3137,2010-10-06,1386,1396,1337,1356,42330,0.006681514476614803
3138,2010-10-07,1359,1374,1325,1347,24445,-0.006637168141592875
3139,2010-10-08,1337,1347,1316,1335,17830,-0.008908685968819552
3140,2010-10-11,1328,1356,1313,1329,58880,-0.004494382022471877
3141,2010-10-12,1328,1344,1270,1301,48452,-0.02106847253574118
3142,2010-10-13,1334,1334,1301,1313,23632,0.009223674096848544
3143,2010-10-14,1313,1328,1285,1298,32826,-0.011424219345011477
3144,2010-10-15,1298,1359,1261,1356,86221,0.04468412942989208
3145,2010-10-18,1359,1509,1359,1445,92981,0.06563421828908544
3146,2010-10-19,1494,1530,1463,1494,91206,0.0339100346020762
3147,2010-10-20,1469,1588,1469,1589,211750,0.06358768406961168
3148,2010-10-21,1650,1732,1598,1721,87930,0.08307111390811839
3149,2010-10-22,1714,1894,1683,1806,216040,0.049389889599070314
3150,2010-10-25,1849,1987,1815,1923,147995,0.0647840531561461
3151,2010-10-26,1941,1968,1864,1904,68462,-0.009880395215808635
3152,2010-10-27,1904,2045,1904,1984,73426,0.04201680672268915
3153,2010-10-28,2020,2020,1901,1923,52191,-0.030745967741935498
3154,2010-10-29,1922,1947,1788,1892,142906,-0.016120644825793007
3155,2010-11-01,1928,2011,1895,1975,70057,0.04386892177589852
3156,2010-11-02,1916,1987,1916,1953,24495,-0.011139240506329084
3157,2010-11-03,1950,2005,1910,2005,54758,0.026625704045058818
3158,2010-11-04,2069,2081,1990,2008,66482,0.0014962593516210099
3159,2010-11-05,1990,2045,1879,1920,46915,-0.043824701195219085
3160,2010-11-08,1947,1947,1882,1929,25230,0.004687499999999956
3161,2010-11-09,1910,2069,1904,2033,44856,0.05391394504924829
3162,2010-11-10,2045,2097,2002,2064,51602,0.0152484013772749
3163,2010-11-11,2063,2072,2020,2039,27650,-0.012112403100775215
3164,2010-11-12,2039,2042,1843,1920,51934,-0.058361942128494326
3165,2010-11-15,1919,1919,1784,1812,51552,-0.05625000000000002
3166,2010-11-16,1830,1830,1735,1788,38261,-0.013245033112582738
3167,2010-11-17,1788,1843,1723,1812,15635,0.01342281879194629
3168,2010-11-18,1836,1922,1794,1892,27545,0.04415011037527594
3169,2010-11-19,1947,1947,1885,1898,37044,0.003171247357293794
3170,2010-11-22,1931,1931,1855,1898,21159,0.0
3171,2010-11-23,1898,1898,1775,1800,43556,-0.05163329820864071
3172,2010-11-24,1748,1824,1717,1779,35080,-0.011666666666666714
3173,2010-11-25,1895,1895,1769,1773,22950,-0.003372681281618939
3174,2010-11-26,1805,1805,1714,1748,20983,-0.01410039481105474
3175,2010-11-29,1690,1720,1533,1681,34512,-0.038329519450800875
3176,2010-11-30,1619,1662,1533,1549,173041,-0.07852468768590126
3177,2010-12-01,1540,1558,1469,1549,94002,0.0
3178,2010-12-02,1592,1677,1573,1653,83370,0.06714009038089097
3179,2010-12-03,1653,1696,1595,1604,34518,-0.029643073200241954
3180,2010-12-06,1634,1680,1625,1629,50764,0.01558603491271815
3181,2010-12-07,1567,1622,1530,1561,41391,-0.04174340085942296
3182,2010-12-08,1549,1585,1515,1516,21340,-0.028827674567584838
3183,2010-12-09,1524,1536,1503,1525,13863,0.00593667546174137
3184,2010-12-10,1530,1564,1530,1555,13300,0.01967213114754096
3185,2010-12-13,1555,1582,1540,1540,9230,-0.009646302250803873
3186,2010-12-14,1561,1604,1530,1583,22000,0.027922077922077904
3187,2010-12-15,1600,1708,1582,1659,53211,0.04801010739102973
3188,2010-12-16,1662,1732,1644,1681,31980,0.013261000602772688
3189,2010-12-17,1644,1677,1622,1641,20218,-0.023795359904818514
3190,2010-12-20,1573,1641,1557,1623,36150,-0.010968921389396757
3191,2010-12-21,1637,1649,1616,1635,52130,0.007393715341959428
3192,2010-12-22,1616,1711,1616,1696,28545,0.037308868501529036
3193,2010-12-23,1695,1695,1659,1669,13420,-0.015919811320754707
3194,2010-12-24,1656,1690,1628,1669,10740,0.0
3195,2010-12-27,1683,1683,1622,1641,4760,-0.016776512881965244
3196,2010-12-28,1567,1641,1567,1586,13393,-0.03351614868982333
3197,2010-12-29,1592,1665,1592,1653,8490,0.04224464060529631
3198,2010-12-30,1653,1735,1637,1736,29380,0.05021173623714459
3199,2011-01-03,1714,1723,1674,1708,27120,-0.016129032258064502
3200,2011-01-04,1708,1784,1696,1745,43960,0.021662763466042234
3201,2011-01-05,1729,1772,1714,1736,27818,-0.005157593123209181
3202,2011-01-06,1763,1763,1671,1693,34560,-0.024769585253456183
3203,2011-01-07,1692,1711,1665,1696,13532,0.0017720023626697223
3204,2011-01-10,1711,1763,1683,1754,54704,0.034198113207547065
3205,2011-01-11,1735,1745,1677,1708,27507,-0.026225769669327215
3206,2011-01-12,1729,1729,1680,1684,21560,-0.014051522248243575
3207,2011-01-13,1683,1690,1613,1626,50998,-0.03444180522565321
3208,2011-01-14,1607,1628,1567,1592,41925,-0.02091020910209107
3209,2011-01-17,1592,1616,1540,1540,29890,-0.03266331658291455
3210,2011-01-18,1540,1567,1463,1476,47431,-0.04155844155844157
3211,2011-01-19,1487,1515,1466,1500,35027,0.016260162601626105
3212,2011-01-20,1500,1573,1484,1561,49877,0.04066666666666663
3213,2011-01-21,1567,1576,1494,1512,29487,-0.03139013452914796
3214,2011-01-24,1506,1512,1463,1476,32078,-0.023809523809523836
3215,2011-01-25,1494,1515,1491,1494,47990,0.012195121951219523
3216,2011-01-26,1494,1530,1491,1531,27967,0.02476572958500678
3217,2011-01-27,1549,1573,1494,1506,34284,-0.016329196603527052
3218,2011-01-28,1506,1518,1432,1442,45193,-0.04249667994687911
3219,2011-01-31,1442,1442,1334,1384,64010,-0.04022191400832176
3220,2011-02-01,1365,1393,1341,1347,82113,-0.026734104046242768
3221,2011-02-07,1386,1469,1365,1460,39132,0.08389012620638447
3222,2011-02-08,1451,1521,1442,1470,42368,0.006849315068493178
3223,2011-02-09,1506,1506,1408,1427,38019,-0.029251700680272164
3224,2011-02-10,1423,1423,1380,1396,15521,-0.021723896285914535
3225,2011-02-11,1408,1432,1341,1347,25897,-0.035100286532951275
3226,2011-02-14,1356,1368,1301,1341,37858,-0.0044543429844098315
3227,2011-02-15,1316,1356,1313,1335,18000,-0.004474272930648726
3228,2011-02-16,1347,1347,1273,1286,43798,-0.03670411985018729
3229,2011-02-17,1282,1310,1258,1286,31910,0.0
3230,2011-02-18,1282,1334,1282,1329,15582,0.033437013996889586
3231,2011-02-21,1341,1341,1282,1313,35380,-0.012039127163280705
3232,2011-02-22,1288,1288,1243,1261,31668,-0.03960396039603964
3233,2011-02-23,1255,1273,1129,1225,20127,-0.028548770816812064
3234,2011-02-24,1206,1249,1203,1237,21480,0.009795918367346834
3235,2011-02-25,1239,1276,1212,1277,8984,0.03233629749393696
3236,2011-02-28,1295,1295,1215,1246,19680,-0.024275646045418986
3237,2011-03-02,1218,1243,1203,1219,15953,-0.021669341894061
3238,2011-03-03,1218,1276,1197,1277,41281,0.047579983593109
3239,2011-03-04,1285,1298,1243,1261,22760,-0.012529365700861383
3240,2011-03-07,1261,1273,1239,1246,7530,-0.011895321173671647
3241,2011-03-08,1246,1362,1246,1350,47521,0.0834670947030498
3242,2011-03-09,1331,1341,1295,1307,46640,-0.0318518518518518
3243,2011-03-10,1319,1319,1273,1295,14340,-0.009181331293037442
3244,2011-03-11,1279,1304,1258,1261,10542,-0.026254826254826225
3245,2011-03-14,1243,1261,1175,1188,20370,-0.05789056304520224
3246,2011-03-15,1181,1212,1040,1065,41746,-0.10353535353535348
3247,2011-03-16,1059,1099,1047,1072,31090,0.00657276995305156
3248,2011-03-17,1019,1083,1019,1078,21300,0.005597014925373234
3249,2011-03-18,1083,1114,1074,1099,18331,0.01948051948051943
3250,2011-03-21,1102,1151,1102,1136,21772,0.033666969972702354
3251,2011-03-22,1135,1157,1120,1136,14320,0.0
3252,2011-03-23,1135,1273,1135,1237,48375,0.08890845070422526
3253,2011-03-24,1255,1298,1236,1268,46596,0.025060630557801167
3254,2011-03-25,1292,1292,1220,1222,30310,-0.0362776025236593
3255,2011-03-28,1227,1267,1184,1194,42383,-0.022913256955810146
3256,2011-03-29,1200,1233,1169,1228,21492,0.028475711892797406
3257,2011-03-30,1227,1261,1190,1246,50771,0.014657980456026065
3258,2011-03-31,1267,1417,1233,1384,124524,0.1107544141252006
3259,2011-04-01,1383,1445,1353,1399,47869,0.010838150289017356
3260,2011-04-04,1432,1432,1359,1362,19825,-0.026447462473195182
3261,2011-04-05,1374,1377,1322,1372,39660,0.007342143906020615
3262,2011-04-06,1393,1420,1353,1353,74905,-0.01384839650145775
3263,2011-04-07,1353,1396,1353,1378,82840,0.018477457501847816
3264,2011-04-08,1383,1475,1383,1427,62439,0.03555878084179964
3265,2011-04-11,1438,1438,1377,1384,40096,-0.030133146461107208
3266,2011-04-12,1368,1396,1279,1280,52572,-0.07514450867052025
3267,2011-04-13,1285,1380,1258,1359,42580,0.061718750000000044
3268,2011-04-14,1356,1432,1347,1427,88707,0.05003679175864617
3269,2011-04-15,1429,1521,1411,1476,96680,0.034337771548703655
3270,2011-04-18,1500,1521,1438,1470,94405,-0.004065040650406471
3271,2011-04-19,1445,1475,1377,1378,55090,-0.06258503401360549
3272,2011-04-20,1469,1582,1457,1583,131854,0.14876632801161094
3273,2011-04-21,1634,1665,1521,1525,308129,-0.03663929248262787
3274,2011-04-22,1524,1570,1460,1470,119924,-0.0360655737704918
3275,2011-04-25,1478,1573,1478,1552,117144,0.05578231292517
3276,2011-04-26,1561,1677,1555,1583,363414,0.01997422680412364
3277,2011-04-27,1598,1634,1457,1522,152380,-0.03853442830069487
3278,2011-04-28,1503,1536,1448,1528,139635,0.003942181340341744
3279,2011-04-29,1527,1527,1402,1445,69606,-0.0543193717277487
3280,2011-05-02,1445,1481,1383,1463,91079,0.01245674740484426
3281,2011-05-03,1448,1448,1322,1338,115765,-0.0854408749145591
3282,2011-05-04,1334,1353,1252,1341,128589,0.0022421524663676085
3283,2011-05-06,1322,1331,1261,1264,74570,-0.05741983594332589
3284,2011-05-09,1276,1285,1218,1286,97129,0.017405063291139333
3285,2011-05-11,1267,1298,1239,1283,82874,-0.002332814930015581
3286,2011-05-12,1273,1273,1224,1228,58990,-0.0428682774746687
3287,2011-05-13,1208,1224,1117,1148,236460,-0.06514657980456029
3288,2011-05-16,1123,1181,1117,1118,80691,-0.026132404181184676
3289,2011-05-17,1123,1132,1071,1114,111478,-0.003577817531305927
3290,2011-05-18,1120,1190,1108,1185,131410,0.06373429084380611
3291,2011-05-19,1194,1310,1187,1255,247283,0.05907172995780585
3292,2011-05-20,1243,1347,1243,1304,142980,0.03904382470119527
3293,2011-05-23,1285,1295,1245,1258,62810,-0.03527607361963192
3294,2011-05-24,1249,1285,1243,1261,55829,0.0023847376788552754
3295,2011-05-25,1264,1328,1169,1206,67356,-0.04361617763679615
3296,2011-05-26,1243,1258,1212,1258,59090,0.04311774461028195
3297,2011-05-27,1255,1316,1230,1243,82850,-0.0119236883942766
3298,2011-05-30,1236,1319,1236,1301,89361,0.04666130329847151
3299,2011-05-31,1304,1362,1298,1350,114265,0.037663335895465
3300,2011-06-01,1389,1393,1313,1317,148007,-0.02444444444444449
3301,2011-06-02,1279,1301,1255,1298,90750,-0.014426727410782103
3302,2011-06-03,1304,1304,1236,1268,62780,-0.023112480739599373
3303,2011-06-07,1261,1279,1194,1280,69470,0.009463722397476282
3304,2011-06-08,1279,1304,1239,1243,42370,-0.028906250000000022
3305,2011-06-09,1243,1267,1239,1258,36753,0.012067578439259874
3306,2011-06-10,1276,1313,1236,1249,68764,-0.007154213036565937
3307,2011-06-13,1230,1261,1200,1222,36771,-0.021617293835068052
3308,2011-06-14,1220,1258,1208,1258,54150,0.029459901800327426
3309,2011-06-15,1258,1258,1227,1228,33410,-0.02384737678855331
3310,2011-06-16,1206,1221,1190,1206,33084,-0.01791530944625408
3311,2011-06-17,1206,1301,1206,1298,85662,0.07628524046434504
3312,2011-06-20,1334,1423,1310,1378,186730,0.06163328197226492
3313,2011-06-21,1396,1411,1341,1378,84970,0.0
3314,2011-06-22,1402,1402,1371,1387,46048,0.006531204644412147
3315,2011-06-23,1359,1435,1347,1421,71243,0.024513338139870333
3316,2011-06-24,1420,1478,1389,1470,85648,0.034482758620689724
3317,2011-06-27,1445,1527,1445,1494,63941,0.01632653061224487
3318,2011-06-28,1527,1527,1445,1445,33160,-0.03279785809906288
3319,2011-06-29,1469,1481,1442,1467,33920,0.0152249134948097
3320,2011-06-30,1481,1481,1420,1476,40458,0.006134969325153339
3321,2011-07-01,1500,1549,1491,1525,95586,0.033197831978319714
3322,2011-07-04,1558,1558,1475,1488,64547,-0.0242622950819672
3323,2011-07-05,1503,1506,1454,1470,46969,-0.012096774193548376
3324,2011-07-06,1466,1484,1432,1457,48686,-0.008843537414966018
3325,2011-07-07,1457,1512,1454,1479,79369,0.015099519560741292
3326,2011-07-08,1475,1491,1423,1439,44247,-0.027045300878972278
3327,2011-07-11,1423,1426,1365,1384,39030,-0.038220986796386414
3328,2011-07-12,1368,1377,1316,1338,39544,-0.033236994219653204
3329,2011-07-13,1347,1383,1337,1365,41037,0.020179372197309364
3330,2011-07-14,1377,1402,1347,1402,39740,0.02710622710622701
3331,2011-07-15,1402,1414,1380,1414,32336,0.008559201141226769
3332,2011-07-18,1414,1417,1374,1387,46231,-0.019094766619519143
3333,2011-07-19,1386,1549,1386,1500,145822,0.08147080028839215
3334,2011-07-20,1536,1665,1515,1607,193555,0.07133333333333325
3335,2011-07-21,1606,1647,1564,1623,82153,0.009956440572495229
3336,2011-07-22,1641,1643,1579,1598,80527,-0.015403573629081957
3337,2011-07-25,1592,1622,1570,1577,41580,-0.013141426783479404
3338,2011-07-26,1576,1607,1536,1586,45966,0.005707038681040055
3339,2011-07-27,1576,1641,1560,1613,53340,0.01702395964691039
3340,2011-07-28,1573,1631,1573,1589,27320,-0.014879107253564783
3341,2011-07-29,1588,1613,1512,1525,41999,-0.04027690371302706
3342,2011-08-01,1536,1567,1509,1546,24650,0.013770491803278606
3343,2011-08-02,1573,1573,1438,1457,51835,-0.0575679172056921
3344,2011-08-03,1420,1423,1365,1381,52435,-0.05216197666437883
3345,2011-08-04,1389,1389,1319,1323,74661,-0.04199855177407674
3346,2011-08-05,1243,1282,1196,1258,48160,-0.04913076341647771
3347,2011-08-08,1224,1270,1071,1157,69181,-0.08028616852146264
3348,2011-08-09,1062,1120,988,1096,101608,-0.05272255834053585
3349,2011-08-10,1169,1246,1163,1212,109435,0.1058394160583942
3350,2011-08-11,1145,1255,1145,1222,46305,0.008250825082508184
3351,2011-08-12,1249,1255,1120,1121,98872,-0.08265139116202946
3352,2011-08-16,1163,1203,1163,1170,55620,0.043710972346119537
3353,2011-08-17,1166,1184,1148,1176,42951,0.00512820512820511
3354,2011-08-18,1178,1190,1120,1127,51375,-0.04166666666666663
3355,2011-08-19,1065,1083,1019,1029,63263,-0.08695652173913049
3356,2011-08-22,1016,1047,995,1001,32211,-0.027210884353741527
3357,2011-08-23,1019,1071,1001,1069,33292,0.06793206793206785
3358,2011-08-24,1068,1077,1022,1041,52156,-0.026192703461178635
3359,2011-08-25,1065,1093,1034,1053,74350,0.011527377521613813
3360,2011-08-26,1053,1086,1031,1078,52620,0.023741690408357163
3361,2011-08-29,1102,1132,1080,1102,40920,0.02226345083487935
3362,2011-08-30,1126,1132,1089,1108,59266,0.005444646098003547
3363,2011-08-31,1120,1126,1093,1108,27350,0.0
3364,2011-09-01,1117,1157,1105,1108,62669,0.0
3365,2011-09-02,1111,1123,1062,1081,42185,-0.02436823104693142
3366,2011-09-05,1059,1059,1019,1023,35760,-0.05365402405180386
3367,2011-09-06,995,1016,979,992,33726,-0.030303030303030276
3368,2011-09-07,1013,1047,1004,1029,51760,0.037298387096774244
3369,2011-09-08,1071,1071,1028,1032,17080,0.00291545189504383
3370,2011-09-09,1016,1040,998,1013,13453,-0.018410852713178327
3371,2011-09-14,1013,1016,949,949,34392,-0.06317867719644621
3372,2011-09-15,985,991,894,912,49530,-0.03898840885142252
3373,2011-09-16,930,998,918,995,49655,0.09100877192982448
3374,2011-09-19,973,995,955,961,21727,-0.0341708542713568
3375,2011-09-20,939,1007,930,998,27515,0.03850156087408951
3376,2011-09-21,1013,1037,995,1026,30890,0.028056112224448926
3377,2011-09-22,976,1013,976,1007,26120,-0.01851851851851849
3378,2011-09-23,955,979,924,925,37920,-0.08142999006951346
3379,2011-09-26,927,936,786,790,70195,-0.1459459459459459
3380,2011-09-27,829,857,808,839,130490,0.06202531645569631
3381,2011-09-28,845,890,841,851,80580,0.014302741358760418
3382,2011-09-29,860,921,841,894,48590,0.05052878965922436
3383,2011-09-30,900,936,897,915,37612,0.02348993288590595
3384,2011-10-04,869,875,814,876,38711,-0.042622950819672156
3385,2011-10-05,881,894,814,830,39474,-0.05251141552511418
3386,2011-10-06,857,866,829,830,38100,0.0
3387,2011-10-07,848,912,848,909,71200,0.0951807228915662
3388,2011-10-10,918,1016,918,989,53911,0.08800880088008811
3389,2011-10-11,998,1034,976,986,51135,-0.0030333670374115274
3390,2011-10-12,988,1022,973,1023,30730,0.03752535496957399
3391,2011-10-13,1053,1065,995,1013,48450,-0.009775171065493637
3392,2011-10-14,1028,1047,991,1023,19340,0.009871668311944637
3393,2011-10-17,1071,1071,998,1032,35350,0.008797653958944274
3394,2011-10-18,985,1010,979,986,36681,-0.04457364341085268
3395,2011-10-19,991,1044,982,1041,53950,0.055780933062880234
3396,2011-10-20,1040,1040,991,992,29152,-0.047070124879923125
3397,2011-10-21,1028,1034,998,1035,27610,0.04334677419354849
3398,2011-10-24,1053,1068,1040,1065,48015,0.02898550724637672
3399,2011-10-25,1080,1083,1056,1072,36940,0.00657276995305156
3400,2011-10-26,1040,1071,1013,1056,19836,-0.014925373134328401
3401,2011-10-27,1068,1089,1059,1072,28820,0.015151515151515138
3402,2011-10-28,1102,1108,1053,1075,23050,0.002798507462686617
3403,2011-10-31,1062,1074,1010,1010,32200,-0.06046511627906981
3404,2011-11-01,998,1028,995,1004,12450,-0.005940594059405946
3405,2011-11-02,958,985,946,986,28420,-0.017928286852589626
3406,2011-11-03,998,1007,939,949,34100,-0.03752535496957399
3407,2011-11-04,979,991,970,989,21231,0.04214963119072701
3408,2011-11-07,1001,1111,998,1081,67118,0.09302325581395343
3409,2011-11-08,1093,1123,1071,1075,33690,-0.005550416281221104
3410,2011-11-09,1102,1108,1059,1075,38040,0.0
3411,2011-11-10,1028,1040,973,995,40630,-0.07441860465116279
3412,2011-11-11,1010,1034,1010,1029,24960,0.0341708542713568
3413,2011-11-14,1050,1089,1044,1065,36037,0.03498542274052485
3414,2011-11-15,1062,1062,1016,1020,32843,-0.04225352112676062
3415,2011-11-16,1034,1053,1013,1023,25280,0.002941176470588225
3416,2011-11-17,1022,1022,1004,1016,18591,-0.006842619745845546
3417,2011-11-18,1007,1007,982,992,18430,-0.023622047244094446
3418,2011-11-21,976,1028,973,1029,11421,0.037298387096774244
3419,2011-11-22,1022,1031,991,1007,16839,-0.02137998056365409
3420,2011-11-23,1034,1037,955,961,44721,-0.045680238331678225
3421,2011-11-24,955,979,949,952,11700,-0.009365244536940653
3422,2011-11-25,958,958,915,931,24020,-0.022058823529411797
3423,2011-11-28,936,991,927,946,9990,0.01611170784103111
3424,2011-11-29,973,985,942,971,26110,0.026427061310782207
3425,2011-11-30,967,985,958,971,14609,0.0
3426,2011-12-01,991,1031,988,1007,29642,0.037075180226570525
3427,2011-12-02,1025,1025,991,1010,17276,0.002979145978152964
3428,2011-12-05,1004,1034,1004,1010,28066,0.0
3429,2011-12-06,1010,1016,979,983,11510,-0.026732673267326756
3430,2011-12-07,1001,1007,979,989,10630,0.006103763987792554
3431,2011-12-08,991,991,967,977,19890,-0.01213346814964611
3432,2011-12-09,964,979,958,961,8722,-0.016376663254861867
3433,2011-12-12,985,988,964,964,15851,0.003121748178980255
3434,2011-12-13,967,976,946,961,19352,-0.003112033195020736
3435,2011-12-14,979,979,949,961,12808,0.0
3436,2011-12-15,933,949,927,937,12500,-0.024973985431841816
3437,2011-12-16,939,952,921,946,8400,0.009605122732123883
3438,2011-12-19,946,958,808,882,27307,-0.06765327695560253
3439,2011-12-20,887,915,878,906,16500,0.027210884353741527
3440,2011-12-21,921,936,903,918,11680,0.013245033112582849
3441,2011-12-22,903,906,848,888,17930,-0.0326797385620915
3442,2011-12-23,887,900,857,888,32400,0.0
3443,2011-12-26,887,912,881,882,11880,-0.006756756756756799
3444,2011-12-27,881,903,857,860,23763,-0.024943310657596363
3445,2011-12-28,845,869,845,851,7470,-0.010465116279069764
3446,2011-12-29,854,857,826,851,14820,0.0
3447,2012-01-02,854,857,820,827,16390,-0.02820211515863691
3448,2012-01-03,832,894,823,873,26478,0.055622732769044836
3449,2012-01-04,887,894,857,863,16310,-0.01145475372279492
3450,2012-01-05,863,875,851,863,28391,0.0
3451,2012-01-06,857,869,832,839,20885,-0.02780996523754342
3452,2012-01-09,841,841,814,817,33574,-0.026221692491060766
3453,2012-01-10,820,887,817,876,40911,0.07221542227662181
3454,2012-01-11,881,909,863,876,34469,0.0
3455,2012-01-12,872,942,872,937,59217,0.06963470319634713
3456,2012-01-13,936,964,921,937,24463,0.0
3457,2012-01-16,924,949,906,931,20721,-0.006403415154749181
3458,2012-01-17,949,976,930,967,53370,0.03866809881847466
3459,2012-01-18,973,995,927,928,26640,-0.04033092037228547
3460,2012-01-19,930,958,927,937,20917,0.00969827586206895
3461,2012-01-20,961,961,897,931,58160,-0.006403415154749181
3462,2012-01-25,918,933,903,918,35173,-0.013963480128893702
3463,2012-01-26,918,927,909,912,15982,-0.006535947712418277
3464,2012-01-27,921,927,897,897,30420,-0.016447368421052655
3465,2012-01-30,900,906,875,879,24970,-0.02006688963210701
3466,2012-01-31,869,890,860,870,33668,-0.010238907849829393
3467,2012-02-01,881,903,866,897,43120,0.03103448275862064
3468,2012-02-02,912,912,881,888,61713,-0.010033444816053505
3469,2012-02-03,887,897,881,894,43529,0.006756756756756799
3470,2012-02-06,906,915,881,888,38703,-0.006711409395973145
3471,2012-02-07,887,903,884,900,27781,0.013513513513513598
3472,2012-02-08,903,930,903,928,45650,0.03111111111111109
3473,2012-02-09,921,930,909,918,44109,-0.010775862068965525
3474,2012-02-10,924,955,921,934,55666,0.017429193899782147
3475,2012-02-13,933,955,924,955,38146,0.0224839400428265
3476,2012-02-14,955,958,921,925,57314,-0.03141361256544506
3477,2012-02-15,927,939,924,928,22683,0.00324324324324321
3478,2012-02-16,924,939,915,922,25714,-0.006465517241379337
3479,2012-02-17,933,1016,930,1007,178991,0.09219088937093267
3480,2012-02-20,1037,1053,1016,1035,144024,0.027805362462760774
3481,2012-02-21,1044,1044,1004,1029,57067,-0.005797101449275366
3482,2012-02-22,1050,1053,998,1004,75967,-0.024295432458697808
3483,2012-02-23,995,1016,982,1007,42360,0.0029880478087649376
3484,2012-02-24,1025,1025,976,995,52237,-0.011916583912611745
3485,2012-02-27,991,991,958,967,38220,-0.028140703517587906
3486,2012-02-28,970,970,949,958,30802,-0.009307135470527417
3487,2012-02-29,961,979,961,977,36397,0.019832985386221358
3488,2012-03-02,976,1022,970,1016,58266,0.03991811668372569
3489,2012-03-05,1016,1080,1010,1081,145847,0.06397637795275601
3490,2012-03-06,1068,1083,1031,1056,53045,-0.023126734505087843
3491,2012-03-07,1028,1086,1016,1072,68000,0.015151515151515138
3492,2012-03-08,1077,1077,1050,1062,34991,-0.009328358208955279
3493,2012-03-09,1065,1071,1037,1050,60210,-0.011299435028248594
3494,2012-03-12,1050,1053,1031,1038,27419,-0.011428571428571455
3495,2012-03-13,1044,1053,1037,1041,30870,0.0028901734104045396
3496,2012-03-14,1056,1086,1050,1078,42270,0.03554274735830942
3497,2012-03-15,1080,1080,1034,1035,40723,-0.03988868274582558
3498,2012-03-16,1028,1053,1028,1053,24051,0.017391304347825987
3499,2012-03-19,1053,1053,1034,1038,19893,-0.014245014245014231
3500,2012-03-20,1034,1044,1001,1013,37680,-0.024084778420038533
3501,2012-03-21,1010,1022,991,1010,19510,-0.0029615004935834577
3502,2012-03-22,1010,1034,985,995,15956,-0.014851485148514865
3503,2012-03-23,979,991,964,980,33405,-0.015075376884422065
3504,2012-03-26,979,988,946,946,17670,-0.03469387755102038
3505,2012-03-27,952,976,952,971,23160,0.026427061310782207
3506,2012-03-28,967,973,955,967,6770,-0.004119464469618972
3507,2012-03-29,955,967,933,946,14430,-0.02171664943123064
3508,2012-03-30,949,955,924,934,19940,-0.012684989429175508
3509,2012-04-02,936,955,933,955,11970,0.0224839400428265
3510,2012-04-03,961,991,949,974,23145,0.019895287958115127
3511,2012-04-04,973,976,939,940,17472,-0.03490759753593431
3512,2012-04-05,939,958,903,958,46280,0.01914893617021285
3513,2012-04-06,958,985,955,967,11890,0.009394572025052117
3514,2012-04-09,936,961,930,931,21100,-0.03722854188210967
3515,2012-04-10,949,949,915,940,20360,0.009667024704618665
3516,2012-04-12,924,942,897,903,17560,-0.03936170212765955
3517,2012-04-13,906,927,906,922,15030,0.021040974529346723
3518,2012-04-16,906,915,897,903,11630,-0.02060737527114964
3519,2012-04-17,890,927,890,918,19490,0.01661129568106312
3520,2012-04-18,939,939,906,912,41860,-0.006535947712418277
3521,2012-04-19,903,924,903,912,10770,0.0
3522,2012-04-20,912,918,887,891,14698,-0.023026315789473673
3523,2012-04-23,894,897,875,879,6810,-0.013468013468013518
3524,2012-04-24,878,894,863,882,12240,0.0034129692832765013
3525,2012-04-25,884,912,884,897,8690,0.017006802721088343
3526,2012-04-26,900,912,878,900,11680,0.0033444816053511683
3527,2012-04-27,903,903,875,900,9950,0.0
3528,2012-04-30,903,924,887,922,23150,0.02444444444444449
3529,2012-05-02,930,930,897,906,31171,-0.017353579175705014
3530,2012-05-03,906,915,906,909,12370,0.0033112582781456013
3531,2012-05-04,906,912,887,900,18650,-0.00990099009900991
3532,2012-05-07,878,887,860,876,20420,-0.026666666666666616
3533,2012-05-08,881,881,863,870,17340,-0.006849315068493178
3534,2012-05-09,860,866,832,836,53421,-0.039080459770114984
3535,2012-05-10,841,851,832,851,14161,0.017942583732057482
3536,2012-05-11,845,863,838,863,14950,0.014101057579318343
3537,2012-05-14,857,869,805,870,24890,0.008111239860950192
3538,2012-05-15,860,860,835,857,13890,-0.014942528735632177
3539,2012-05-16,845,854,826,836,9070,-0.02450408401400228
3540,2012-05-17,826,841,826,839,5940,0.0035885167464115852
3541,2012-05-18,811,814,780,781,30390,-0.06912991656734202
3542,2012-05-21,780,799,774,790,2260,0.011523687580025532
3543,2012-05-22,796,841,796,817,11660,0.03417721518987338
3544,2012-05-23,811,823,796,796,9455,-0.025703794369645094
3545,2012-05-24,811,811,783,787,6560,-0.011306532663316604
3546,2012-05-25,786,792,774,784,12150,-0.003811944091486663
3547,2012-05-29,786,789,771,790,16920,0.007653061224489832
3548,2012-05-30,792,802,786,802,24740,0.0151898734177216
3549,2012-05-31,805,805,780,805,13306,0.0037406483790523026
3550,2012-06-01,789,811,789,796,7080,-0.011180124223602483
3551,2012-06-04,771,774,734,747,32560,-0.061557788944723635
3552,2012-06-05,737,765,737,762,7990,0.02008032128514059
3553,2012-06-07,768,799,768,790,9441,0.036745406824147064
3554,2012-06-08,789,792,786,790,5509,0.0
3555,2012-06-11,799,845,799,845,11881,0.06962025316455689
3556,2012-06-12,826,875,826,851,16610,0.007100591715976323
3557,2012-06-13,854,860,835,842,7510,-0.010575793184488869
3558,2012-06-14,835,851,832,848,3010,0.0071258907363420665
3559,2012-06-15,866,866,832,851,23801,0.0035377358490567
3560,2012-06-18,854,857,838,848,8261,-0.003525264394829586
3561,2012-06-19,838,845,826,830,8954,-0.021226415094339646
3562,2012-06-20,838,841,829,833,6962,0.0036144578313253017
3563,2012-06-21,838,838,823,830,6384,-0.0036014405762304635
3564,2012-06-22,823,823,808,821,2440,-0.010843373493975905
3565,2012-06-25,820,820,783,796,21303,-0.030450669914738104
3566,2012-06-26,780,799,780,793,7905,-0.0037688442211055717
3567,2012-06-27,786,796,777,796,15996,0.003783102143757988
3568,2012-06-28,802,802,789,796,4250,0.0
3569,2012-06-29,796,814,777,802,6160,0.007537688442211143
3570,2012-07-02,823,823,805,817,5254,0.018703241895261735
3571,2012-07-03,817,838,811,824,6296,0.008567931456548328
3572,2012-07-04,832,851,826,842,5820,0.02184466019417486
3573,2012-07-05,851,854,826,854,10700,0.014251781472684133
3574,2012-07-06,857,860,838,851,11370,-0.003512880562060894
3575,2012-07-09,860,860,823,833,5050,-0.021151586368977626
3576,2012-07-10,826,845,811,814,12580,-0.02280912364945975
3577,2012-07-11,805,820,802,808,8080,-0.0073710073710073765
3578,2012-07-12,814,814,786,787,17948,-0.025990099009901013
3579,2012-07-13,789,796,765,796,14187,0.011435832274459878
3580,2012-07-16,796,796,762,762,17670,-0.042713567839196
3581,2012-07-17,762,765,743,765,15751,0.003937007874015741
3582,2012-07-18,771,771,737,756,11921,-0.0117647058823529
3583,2012-07-19,765,765,743,756,26340,0.0
3584,2012-07-20,756,762,743,750,24770,-0.007936507936507908
3585,2012-07-23,753,753,722,732,16870,-0.02400000000000002
3586,2012-07-24,716,731,716,732,9613,0.0
3587,2012-07-25,722,725,701,701,20210,-0.042349726775956276
3588,2012-07-26,704,728,667,683,37720,-0.025677603423680417
3589,2012-07-27,701,707,685,701,20870,0.026354319180087904
3590,2012-07-30,713,713,691,704,13270,0.004279600570613384
3591,2012-07-31,704,704,682,701,70260,-0.0042613636363636465
3592,2012-08-01,698,701,685,692,21580,-0.012838801711840264
3593,2012-08-02,691,713,691,704,14800,0.01734104046242768
3594,2012-08-03,701,710,691,707,20060,0.0042613636363635354
3595,2012-08-06,716,725,710,723,21490,0.022630834512022524
3596,2012-08-07,722,731,716,732,9310,0.012448132780082943
3597,2012-08-08,728,737,722,729,27800,-0.004098360655737654
3598,2012-08-09,728,747,722,741,12690,0.016460905349794164
3599,2012-08-10,743,759,731,735,23870,-0.0080971659919028
3600,2012-08-13,747,747,728,738,32060,0.004081632653061273
3601,2012-08-14,737,747,701,701,37663,-0.050135501355013545
3602,2012-08-16,698,710,670,701,130700,0.0
3603,2012-08-17,694,707,694,701,21180,0.0
3604,2012-08-20,701,704,694,704,12650,0.004279600570613384
3605,2012-08-21,704,719,701,716,23345,0.017045454545454586
3606,2012-08-22,716,725,707,723,24756,0.009776536312849249
3607,2012-08-23,722,731,713,716,21003,-0.009681881051175623
3608,2012-08-24,713,719,698,710,14862,-0.008379888268156388
3609,2012-08-27,710,710,688,701,30772,-0.012676056338028152
3610,2012-08-28,698,707,694,707,11240,0.008559201141226769
3611,2012-08-29,713,734,694,735,64427,0.03960396039603964
3612,2012-08-30,740,740,716,738,14970,0.004081632653061273
3613,2012-08-31,725,737,725,732,17910,-0.008130081300813052
3614,2012-09-03,737,747,719,744,24210,0.016393442622950838
3615,2012-09-04,756,756,734,741,18330,-0.0040322580645161255
3616,2012-09-05,740,740,710,719,17549,-0.029689608636977005
3617,2012-09-06,725,728,707,716,15340,-0.004172461752433909
3618,2012-09-07,725,728,704,723,27371,0.009776536312849249
3619,2012-09-10,716,722,704,707,19293,-0.022130013831258677
3620,2012-09-11,701,713,698,713,17481,0.008486562942008558
3621,2012-09-12,710,716,701,710,30550,-0.0042075736325385416
3622,2012-09-13,710,737,707,726,56090,0.022535211267605604
3623,2012-09-14,734,750,725,747,66821,0.02892561983471076
3624,2012-09-17,747,747,725,735,26042,-0.016064257028112428
3625,2012-09-18,734,743,725,744,35960,0.012244897959183598
3626,2012-09-19,743,747,719,738,51510,-0.008064516129032251
3627,2012-09-20,734,743,719,729,33540,-0.012195121951219523
3628,2012-09-21,734,747,725,747,26790,0.024691358024691468
3629,2012-09-24,747,753,734,744,39480,-0.004016064257028162
3630,2012-09-25,747,750,734,744,21960,0.0
3631,2012-09-26,734,747,731,744,15004,0.0
3632,2012-09-27,734,740,716,716,37329,-0.037634408602150504
3633,2012-09-28,719,731,713,732,29360,0.022346368715083775
3634,2012-10-02,728,743,722,744,15489,0.016393442622950838
3635,2012-10-04,747,756,734,744,24980,0.0
3636,2012-10-05,747,753,734,744,26370,0.0
3637,2012-10-08,747,747,725,729,32150,-0.020161290322580627
3638,2012-10-09,725,737,719,729,30725,0.0
3639,2012-10-10,722,722,704,707,40760,-0.03017832647462282
3640,2012-10-11,701,707,685,689,38910,-0.02545968882602545
3641,2012-10-12,688,694,682,695,24290,0.00870827285921627
3642,2012-10-15,694,694,676,680,45669,-0.021582733812949617
3643,2012-10-16,679,685,670,674,16211,-0.008823529411764675
3644,2012-10-17,673,685,670,674,30224,0.0
3645,2012-10-18,673,685,673,680,28260,0.008902077151335286
3646,2012-10-19,679,707,670,704,39751,0.03529411764705892
3647,2012-10-22,704,704,664,686,64174,-0.025568181818181768
3648,2012-10-23,688,688,664,664,31620,-0.03206997084548102
3649,2012-10-24,661,679,655,664,32531,0.0
3650,2012-10-25,658,667,658,661,16990,-0.004518072289156572
3651,2012-10-26,658,664,655,661,34523,0.0
3652,2012-10-29,661,661,646,649,44260,-0.018154311649016597
3653,2012-10-30,649,652,639,640,30567,-0.013867488443759624
3654,2012-10-31,646,649,639,649,18430,0.014062500000000089
3655,2012-11-01,649,649,639,649,23960,0.0
3656,2012-11-02,649,664,649,658,13940,0.013867488443759735
3657,2012-11-05,658,658,636,646,54360,-0.018237082066869248
3658,2012-11-06,646,655,642,655,28320,0.01393188854489158
3659,2012-11-07,655,655,642,655,21100,0.0
3660,2012-11-08,642,649,630,649,22700,-0.009160305343511421
3661,2012-11-09,633,642,633,640,9645,-0.013867488443759624
3662,2012-11-12,639,655,639,655,14705,0.0234375
3663,2012-11-13,655,664,646,649,10061,-0.009160305343511421
3664,2012-11-14,642,652,630,640,17900,-0.013867488443759624
3665,2012-11-15,639,655,627,655,12901,0.0234375
3666,2012-11-16,652,652,633,649,13020,-0.009160305343511421
3667,2012-11-19,636,652,636,649,10807,0.0
3668,2012-11-20,646,655,646,655,5700,0.009244992295839749
3669,2012-11-21,658,658,649,649,3950,-0.009160305343511421
3670,2012-11-22,649,649,636,637,10300,-0.018489984591679498
3671,2012-11-23,636,642,633,643,7530,0.009419152276295195
3672,2012-11-26,636,642,633,643,4510,0.0
3673,2012-11-27,642,652,639,643,8270,0.0
3674,2012-11-28,642,642,624,631,9460,-0.018662519440124425
3675,2012-11-29,636,661,636,649,30730,0.028526148969889142
3676,2012-11-30,636,652,636,649,3410,0.0
3677,2012-12-03,652,652,639,643,10331,-0.009244992295839749
3678,2012-12-04,649,649,630,646,16880,0.004665629860031162
3679,2012-12-05,636,646,636,646,15660,0.0
3680,2012-12-06,646,664,646,658,19630,0.018575851393188847
3681,2012-12-07,661,682,658,677,28050,0.028875379939209633
3682,2012-12-10,676,676,661,674,5519,-0.004431314623338234
3683,2012-12-11,664,679,661,680,17391,0.008902077151335286
3684,2012-12-12,676,691,676,683,8860,0.004411764705882337
3685,2012-12-13,673,685,673,683,4751,0.0
3686,2012-12-14,682,682,673,683,7000,0.0
3687,2012-12-17,679,682,664,674,4190,-0.013177159590043952
3688,2012-12-18,673,676,655,667,9290,-0.010385756676557834
3689,2012-12-20,661,673,661,667,2530,0.0
3690,2012-12-21,667,673,649,671,10430,0.0059970014992503096
3691,2012-12-24,667,670,658,667,7048,-0.005961251862891204
3692,2012-12-26,661,670,658,671,7120,0.0059970014992503096
3693,2012-12-27,661,673,652,674,13000,0.0044709388971684305
3694,2012-12-28,673,685,673,677,13362,0.004451038575667754
3695,2013-01-02,667,679,667,671,4340,-0.008862629246676468
3696,2013-01-03,673,676,667,674,9102,0.0044709388971684305
3697,2013-01-04,673,691,673,689,12680,0.022255192878338326
3698,2013-01-07,688,688,679,686,8770,-0.004354136429608135
3699,2013-01-08,685,698,679,680,5210,-0.008746355685131157
3700,2013-01-09,685,685,667,680,4590,0.0
3701,2013-01-10,673,682,667,671,11170,-0.013235294117647012
3702,2013-01-11,670,673,661,671,18800,0.0
3703,2013-01-14,670,673,664,674,7660,0.0044709388971684305
3704,2013-01-15,667,670,652,652,14840,-0.03264094955489616
3705,2013-01-16,652,664,652,664,5210,0.018404907975460016
3706,2013-01-17,655,676,652,664,10940,0.0
3707,2013-01-18,664,667,658,661,9190,-0.004518072289156572
3708,2013-01-21,661,664,652,664,6120,0.004538577912254205
3709,2013-01-22,664,664,658,658,4940,-0.009036144578313254
3710,2013-01-23,661,670,658,661,13040,0.004559270516717229
3711,2013-01-24,664,664,652,661,8090,0.0
3712,2013-01-25,661,664,655,661,5380,0.0
3713,2013-01-28,664,664,655,661,4020,0.0
3714,2013-01-29,661,664,655,661,4610,0.0
3715,2013-01-30,658,664,655,661,7360,0.0
3716,2013-01-31,658,664,655,664,6020,0.004538577912254205
3717,2013-02-01,658,664,655,664,5530,0.0
3718,2013-02-04,658,667,655,667,4708,0.004518072289156683
3719,2013-02-05,658,661,652,661,6028,-0.008995502248875575
3720,2013-02-06,661,661,652,661,8400,0.0
3721,2013-02-07,661,661,655,661,3620,0.0
3722,2013-02-08,655,658,652,658,4260,-0.004538577912254205
3723,2013-02-12,658,664,652,652,10500,-0.00911854103343468
3724,2013-02-13,652,670,652,664,20899,0.018404907975460016
3725,2013-02-14,667,698,667,692,87550,0.04216867469879526
3726,2013-02-15,704,728,691,719,112553,0.039017341040462394
3727,2013-02-18,722,731,713,719,69845,0.0
3728,2013-02-19,722,722,704,716,62214,-0.004172461752433909
3729,2013-02-20,716,716,694,707,56790,-0.012569832402234637
3730,2013-02-21,704,713,694,701,50540,-0.008486562942008447
3731,2013-02-22,704,704,694,698,23291,-0.004279600570613384
3732,2013-02-25,698,716,698,713,24281,0.02148997134670494
3733,2013-02-26,713,740,707,732,44761,0.026647966339411022
3734,2013-02-27,734,756,719,756,53562,0.032786885245901676
3735,2013-02-28,762,771,743,759,54141,0.003968253968253954
3736,2013-03-04,750,759,719,719,67307,-0.05270092226613965
3737,2013-03-05,722,728,710,729,22440,0.013908205841446364
3738,2013-03-06,728,737,719,719,20147,-0.013717421124828544
3739,2013-03-07,719,725,713,713,14213,-0.008344923504867818
3740,2013-03-08,713,725,713,716,14981,0.004207573632538653
3741,2013-03-11,713,719,707,707,19410,-0.012569832402234637
3742,2013-03-12,710,719,707,719,13425,0.016973125884016893
3743,2013-03-13,719,737,719,738,44500,0.026425591098748313
3744,2013-03-14,737,753,728,753,26970,0.020325203252032464
3745,2013-03-15,756,756,737,753,33311,0.0
3746,2013-03-18,753,762,737,738,28640,-0.019920318725099584
3747,2013-03-19,740,750,731,747,14725,0.012195121951219523
3748,2013-03-20,753,753,734,741,14955,-0.008032128514056214
3749,2013-03-21,747,786,743,778,60678,0.04993252361673406
3750,2013-03-22,777,780,762,772,26640,-0.007712082262210762
3751,2013-03-25,771,777,750,762,34870,-0.012953367875647714
3752,2013-03-26,756,780,753,765,28779,0.003937007874015741
3753,2013-03-27,765,774,762,775,14330,0.013071895424836555
3754,2013-03-28,780,780,765,765,14560,-0.012903225806451646
3755,2013-03-29,765,814,765,814,62161,0.06405228758169934
3756,2013-04-01,817,823,802,814,20660,0.0
3757,2013-04-02,811,814,789,799,19930,-0.01842751842751844
3758,2013-04-03,799,808,771,808,24395,0.01126408010012514
3759,2013-04-04,792,792,759,781,25448,-0.033415841584158446
3760,2013-04-05,771,780,743,756,29952,-0.03201024327784896
3761,2013-04-08,753,756,710,710,32490,-0.060846560846560815
3762,2013-04-09,707,719,685,710,36010,0.0
3763,2013-04-10,710,728,701,729,13030,0.026760563380281654
3764,2013-04-11,728,737,728,735,16250,0.008230452674897082
3765,2013-04-12,740,740,707,710,17922,-0.03401360544217691
3766,2013-04-15,707,722,701,719,10194,0.012676056338028152
3767,2013-04-16,713,716,698,707,14980,-0.016689847009735748
3768,2013-04-17,710,716,704,713,7880,0.008486562942008558
3769,2013-04-18,707,713,698,707,9062,-0.008415147265077194
3770,2013-04-19,710,716,701,713,6240,0.008486562942008558
3771,2013-04-22,707,713,698,707,5454,-0.008415147265077194
3772,2013-04-23,719,747,707,735,17903,0.03960396039603964
3773,2013-04-24,734,762,734,759,18440,0.03265306122448974
3774,2013-04-25,759,771,747,753,9180,-0.007905138339920903
3775,2013-04-26,753,768,750,765,6450,0.015936254980079667
3776,2013-04-29,759,771,753,768,23350,0.0039215686274509665
3777,2013-04-30,759,789,759,784,33060,0.02083333333333326
3778,2013-05-02,792,792,774,784,11092,0.0
3779,2013-05-03,783,799,774,796,21765,0.015306122448979664
3780,2013-05-06,796,805,783,784,10830,-0.015075376884422065
3781,2013-05-07,783,783,771,778,12580,-0.007653061224489832
3782,2013-05-08,777,802,777,793,21900,0.019280205655527016
3783,2013-05-09,792,832,792,821,39170,0.035308953341740335
3784,2013-05-10,820,820,802,802,5090,-0.023142509135200995
3785,2013-05-13,802,805,783,790,8820,-0.014962593516209433
3786,2013-05-14,789,811,759,778,23479,-0.015189873417721489
3787,2013-05-15,777,789,771,778,11810,0.0
3788,2013-05-16,783,875,783,857,201641,0.10154241645244211
3789,2013-05-20,851,875,848,863,54622,0.007001166861143604
3790,2013-05-21,857,875,851,870,49510,0.008111239860950192
3791,2013-05-22,869,921,869,912,84780,0.048275862068965614
3792,2013-05-23,900,912,878,879,30880,-0.03618421052631582
3793,2013-05-24,878,930,878,900,35072,0.023890784982935065
3794,2013-05-27,900,939,894,928,68520,0.03111111111111109
3795,2013-05-28,927,933,903,909,47672,-0.020474137931034475
3796,2013-05-29,909,909,878,879,47252,-0.03300330033003296
3797,2013-05-30,878,903,869,876,45560,-0.0034129692832765013
3798,2013-05-31,881,884,835,857,64840,-0.02168949771689499
3799,2013-06-03,841,878,841,863,25758,0.007001166861143604
3800,2013-06-04,866,884,866,882,38030,0.022016222479721792
3801,2013-06-05,875,878,857,866,11580,-0.01814058956916098
3802,2013-06-07,866,866,817,821,30730,-0.051963048498845255
3803,2013-06-10,823,845,823,845,10822,0.02923264311814866
3804,2013-06-11,848,854,826,854,8100,0.010650887573964596
3805,2013-06-12,851,851,820,821,19660,-0.03864168618266983
3806,2013-06-13,820,820,799,814,29720,-0.008526187576126665
3807,2013-06-14,817,829,786,793,38405,-0.025798525798525818
3808,2013-06-17,792,796,756,772,17325,-0.02648171500630514
3809,2013-06-18,771,796,765,793,14650,0.0272020725388602
3810,2013-06-19,802,811,792,805,13835,0.015132408575031508
3811,2013-06-20,792,799,777,778,11010,-0.03354037267080745
3812,2013-06-21,765,792,740,750,15831,-0.03598971722365041
3813,2013-06-24,756,759,740,744,19346,-0.008000000000000007
3814,2013-06-25,750,753,710,716,26714,-0.037634408602150504
3815,2013-06-26,740,743,710,723,25615,0.009776536312849249
3816,2013-06-27,734,759,734,750,14631,0.03734439834024905
3817,2013-06-28,750,783,750,784,14405,0.045333333333333226
3818,2013-07-01,789,789,771,787,6355,0.003826530612244916
3819,2013-07-02,786,792,759,759,14140,-0.03557814485387545
3820,2013-07-03,759,771,747,747,10240,-0.015810276679841917
3821,2013-07-04,750,762,740,750,9640,0.004016064257028162
3822,2013-07-05,756,765,734,750,12930,0.0
3823,2013-07-08,750,759,731,735,21955,-0.020000000000000018
3824,2013-07-09,750,750,722,744,13826,0.012244897959183598
3825,2013-07-10,740,750,740,741,5318,-0.0040322580645161255
3826,2013-07-11,743,774,743,765,12100,0.03238866396761142
3827,2013-07-12,765,774,750,762,22882,-0.0039215686274509665
3828,2013-07-15,762,780,756,768,21251,0.007874015748031482
3829,2013-07-16,771,783,765,772,11540,0.005208333333333259
3830,2013-07-17,771,780,765,778,8550,0.007772020725388629
3831,2013-07-18,777,783,768,768,4850,-0.01285347043701801
3832,2013-07-19,771,777,762,768,9180,0.0
3833,2013-07-22,771,774,762,765,12090,-0.00390625
3834,2013-07-23,762,777,762,768,10560,0.0039215686274509665
3835,2013-07-24,774,774,762,772,10596,0.005208333333333259
3836,2013-07-25,768,774,759,762,12251,-0.012953367875647714
3837,2013-07-26,762,768,756,768,9443,0.007874015748031482
3838,2013-07-29,762,774,762,762,6720,-0.0078125
3839,2013-07-30,762,774,759,772,9360,0.013123359580052396
3840,2013-07-31,771,777,762,778,16070,0.007772020725388629
3841,2013-08-01,774,783,774,784,5963,0.007712082262210762
3842,2013-08-02,783,796,780,787,10480,0.003826530612244916
3843,2013-08-05,786,792,777,784,4660,-0.003811944091486663
3844,2013-08-06,789,789,765,765,13393,-0.02423469387755106
3845,2013-08-07,762,777,756,759,13430,-0.007843137254901933
3846,2013-08-08,759,774,753,775,9920,0.021080368906455815
3847,2013-08-09,768,777,765,775,5480,0.0
3848,2013-08-12,765,774,765,765,10460,-0.012903225806451646
3849,2013-08-13,774,805,765,805,33037,0.05228758169934644
3850,2013-08-14,805,838,792,824,52185,0.023602484472049712
3851,2013-08-16,802,829,789,821,62795,-0.00364077669902918
3852,2013-08-19,820,854,820,839,38538,0.02192448233861155
3853,2013-08-20,841,857,799,799,34247,-0.04767580452920139
3854,2013-08-21,802,814,789,802,15880,0.003754693366708306
3855,2013-08-22,796,811,777,811,21272,0.01122194513715713
3856,2013-08-23,811,835,808,821,15340,0.012330456226880449
3857,2013-08-26,814,832,814,830,9531,0.010962241169305775
3858,2013-08-27,826,845,805,814,20485,-0.01927710843373498
3859,2013-08-28,805,823,799,824,11972,0.01228501228501222
3860,2013-08-29,829,835,817,830,17940,0.00728155339805836
3861,2013-08-30,826,869,814,870,68584,0.04819277108433728
3862,2013-09-02,869,894,857,876,53636,0.006896551724137945
3863,2013-09-03,869,897,857,863,47316,-0.014840182648401812
3864,2013-09-04,860,884,854,885,24367,0.02549246813441486
3865,2013-09-05,884,967,884,946,167777,0.06892655367231648
3866,2013-09-06,946,1004,939,964,114352,0.019027484143763207
3867,2013-09-09,964,991,936,940,63190,-0.024896265560165998
3868,2013-09-10,949,955,906,915,68984,-0.02659574468085102
3869,2013-09-11,915,930,893,925,66689,0.010928961748633892
3870,2013-09-12,924,961,924,937,44250,0.012972972972973063
3871,2013-09-13,936,942,906,912,24965,-0.026680896478121663
3872,2013-09-16,915,930,903,925,14920,0.014254385964912242
3873,2013-09-17,927,930,915,925,7780,0.0
3874,2013-09-23,936,936,900,906,23980,-0.020540540540540553
3875,2013-09-24,912,912,890,912,15920,0.0066225165562914245
3876,2013-09-25,927,927,890,928,21811,0.01754385964912286
3877,2013-09-26,927,927,900,903,17485,-0.026939655172413812
3878,2013-09-27,903,909,878,882,30411,-0.023255813953488413
3879,2013-09-30,881,924,881,903,975253,0.023809523809523725
3880,2013-10-01,918,1037,918,1038,348650,0.1495016611295681
3881,2013-10-02,1053,1080,1019,1056,309975,0.01734104046242768
3882,2013-10-04,1047,1071,1037,1069,99983,0.012310606060605966
3883,2013-10-07,1077,1129,1071,1124,174722,0.05144995322731516
3884,2013-10-08,1111,1145,1077,1124,91530,0.0
3885,2013-10-10,1123,1129,1099,1108,41476,-0.014234875444839812
3886,2013-10-11,1108,1120,1065,1090,67591,-0.016245487364620947
3887,2013-10-14,1093,1096,1059,1084,45831,-0.0055045871559632475
3888,2013-10-15,1093,1117,1056,1075,57060,-0.008302583025830312
3889,2013-10-16,1059,1080,1044,1053,38090,-0.020465116279069773
3890,2013-10-17,1059,1077,1022,1032,39467,-0.019943019943019946
3891,2013-10-18,1040,1083,1013,1084,58044,0.050387596899224896
3892,2013-10-21,1077,1135,1071,1118,67250,0.03136531365313644
3893,2013-10-22,1123,1129,1093,1118,32902,0.0
3894,2013-10-23,1111,1135,1083,1084,38731,-0.030411449016100156
3895,2013-10-24,1083,1129,1083,1108,43800,0.022140221402213944
3896,2013-10-25,1108,1126,1086,1090,19210,-0.016245487364620947
3897,2013-10-28,1096,1114,1080,1105,17431,0.013761467889908285
3898,2013-10-29,1105,1114,1089,1102,11600,-0.002714932126696823
3899,2013-10-30,1096,1108,1093,1105,6980,0.0027223230490018846
3900,2013-10-31,1111,1190,1099,1142,47161,0.033484162895927705
3901,2013-11-01,1163,1166,1117,1124,23996,-0.015761821366024553
3902,2013-11-04,1123,1123,1086,1087,34987,-0.032918149466192204
3903,2013-11-05,1074,1093,1044,1044,31105,-0.03955841766329349
3904,2013-11-06,1040,1102,1040,1056,29951,0.011494252873563315
3905,2013-11-07,1059,1083,1056,1084,10975,0.026515151515151603
3906,2013-11-08,1062,1074,1040,1059,18800,-0.023062730627306238
3907,2013-11-11,1059,1065,949,998,66685,-0.05760151085930121
3908,2013-11-12,985,1044,942,1044,127118,0.04609218436873741
3909,2013-11-13,1044,1062,985,1004,24020,-0.03831417624521072
3910,2013-11-14,1013,1102,995,1102,48056,0.09760956175298796
3911,2013-11-15,1099,1099,1047,1078,43200,-0.02177858439201452
3912,2013-11-18,1071,1071,1028,1029,27230,-0.045454545454545414
3913,2013-11-19,1040,1044,1007,1016,35560,-0.01263362487852282
3914,2013-11-20,1010,1050,1010,1020,31015,0.003937007874015741
3915,2013-11-21,1019,1065,1019,1065,38419,0.044117647058823595
3916,2013-11-22,1123,1157,1093,1151,120420,0.08075117370892015
3917,2013-11-25,1151,1166,1099,1114,156928,-0.03214596003475234
3918,2013-11-26,1105,1151,1093,1121,61757,0.006283662477558405
3919,2013-11-27,1120,1120,1083,1102,54720,-0.016949152542372836
3920,2013-11-28,1093,1111,1083,1099,29766,-0.0027223230490017736
3921,2013-11-29,1126,1138,1099,1124,52330,0.022747952684258443
3922,2013-12-02,1114,1126,1071,1072,36502,-0.0462633451957295
3923,2013-12-03,1071,1071,1007,1010,81801,-0.057835820895522416
3924,2013-12-04,1010,1135,1010,1087,153154,0.0762376237623763
3925,2013-12-05,1102,1114,1080,1099,75279,0.011039558417663242
3926,2013-12-06,1099,1099,1044,1065,34654,-0.030937215650591487
3927,2013-12-09,1065,1077,1034,1035,27131,-0.028169014084507005
3928,2013-12-10,1044,1044,1010,1041,17671,0.005797101449275255
3929,2013-12-11,1056,1056,1016,1016,19330,-0.0240153698366955
3930,2013-12-12,1001,1037,998,1038,6850,0.021653543307086576
3931,2013-12-13,1019,1031,1016,1029,6240,-0.00867052023121384
3932,2013-12-16,1031,1080,1007,1010,37140,-0.01846452866861026
3933,2013-12-17,1013,1025,939,943,52585,-0.06633663366336628
3934,2013-12-18,933,976,918,958,47391,0.01590668080593849
3935,2013-12-19,976,976,936,964,24653,0.006263048016701411
3936,2013-12-20,973,976,949,955,14591,-0.009336099585062207
3937,2013-12-23,970,970,887,906,148755,-0.051308900523560186
3938,2013-12-24,903,918,887,906,29320,0.0
3939,2013-12-26,915,918,887,900,35811,-0.0066225165562914245
3940,2013-12-27,912,936,887,922,28752,0.02444444444444449
3941,2013-12-30,921,939,912,918,25620,-0.004338394793926281
3942,2014-01-02,918,930,915,925,37950,0.007625272331154731
3943,2014-01-03,915,936,915,925,10710,0.0
3944,2014-01-06,918,930,918,922,11822,-0.00324324324324321
3945,2014-01-07,918,933,918,925,6957,0.0032537960954446277
3946,2014-01-08,918,930,912,918,19404,-0.007567567567567601
3947,2014-01-09,912,930,912,918,20574,0.0
3948,2014-01-10,918,933,912,918,29840,0.0
3949,2014-01-13,918,918,903,918,15181,0.0
3950,2014-01-14,918,918,894,906,72472,-0.013071895424836555
3951,2014-01-15,921,921,903,906,53721,0.0
3952,2014-01-16,906,967,906,964,66821,0.06401766004415022
3953,2014-01-17,964,982,955,974,35053,0.010373443983402453
3954,2014-01-20,973,995,958,980,9919,0.006160164271047153
3955,2014-01-21,973,1028,973,1004,25270,0.02448979591836742
3956,2014-01-22,1016,1019,1001,1013,9910,0.008964143426294813
3957,2014-01-23,1004,1007,979,983,38942,-0.029615004935834133
3958,2014-01-24,979,982,955,971,10470,-0.012207527975584997
3959,2014-01-27,949,967,930,952,15320,-0.019567456230690006
3960,2014-01-28,939,991,939,986,6170,0.03571428571428581
3961,2014-01-29,985,998,976,986,10890,0.0
3962,2014-02-03,985,1001,973,983,13099,-0.0030425963488843744
3963,2014-02-04,982,982,952,961,15900,-0.02238046795523907
3964,2014-02-05,964,970,939,952,19120,-0.009365244536940653
3965,2014-02-06,961,973,946,949,15930,-0.0031512605042016695
3966,2014-02-07,970,976,946,955,25023,0.006322444678608985
3967,2014-02-10,970,988,958,989,14625,0.03560209424083771
3968,2014-02-11,1001,1013,985,998,17813,0.009100101112234471
3969,2014-02-12,1010,1025,995,1010,18050,0.012024048096192397
3970,2014-02-13,1025,1025,982,989,35640,-0.02079207920792081
3971,2014-02-14,1001,1031,985,1023,17202,0.03437815975733072
3972,2014-02-17,1013,1019,991,998,23481,-0.024437927663734094
3973,2014-02-18,995,1001,967,1001,29714,0.0030060120240480437
3974,2014-02-19,988,1059,988,1047,59878,0.04595404595404595
3975,2014-02-20,1053,1053,1022,1041,19480,-0.005730659025787954
3976,2014-02-21,1065,1083,1053,1062,35627,0.020172910662824117
3977,2014-02-24,1077,1093,1056,1062,20744,0.0
3978,2014-02-25,1065,1071,1040,1047,20440,-0.01412429378531077
3979,2014-02-26,1044,1047,1028,1047,14360,0.0
3980,2014-02-27,1044,1044,1007,1035,28096,-0.011461318051575908
3981,2014-02-28,1025,1040,1013,1013,16973,-0.021256038647343045
3982,2014-03-03,1019,1019,991,1001,11487,-0.011846001974333609
3983,2014-03-04,1001,1050,991,1050,33893,0.04895104895104896
3984,2014-03-05,1047,1062,1028,1038,18890,-0.011428571428571455
3985,2014-03-06,1040,1068,1034,1059,18170,0.020231213872832443
3986,2014-03-07,1059,1062,1040,1053,19933,-0.005665722379603388
3987,2014-03-10,1047,1080,1044,1072,25172,0.018043684710351338
3988,2014-03-11,1080,1117,1062,1062,83920,-0.009328358208955279
3989,2014-03-12,1071,1071,1016,1020,50336,-0.039548022598870025
3990,2014-03-13,1022,1044,1010,1038,17146,0.01764705882352935
3991,2014-03-14,1034,1062,1028,1044,12196,0.005780346820809301
3992,2014-03-17,1047,1071,1040,1053,7720,0.008620689655172376
3993,2014-03-18,1050,1068,1047,1069,10221,0.015194681861348425
3994,2014-03-19,1068,1093,1068,1081,26874,0.011225444340505097
3995,2014-03-20,1080,1086,1050,1065,20595,-0.014801110083256241
3996,2014-03-21,1065,1089,1059,1078,17031,0.012206572769952961
3997,2014-03-24,1077,1086,1065,1075,14042,-0.002782931354359919
3998,2014-03-25,1083,1083,1044,1059,20254,-0.014883720930232602
3999,2014-03-26,1065,1065,1031,1041,34731,-0.016997167138810165
4000,2014-03-27,1047,1102,1040,1084,49257,0.04130643611911622
4001,2014-03-28,1089,1181,1086,1163,96722,0.07287822878228778
4002,2014-03-31,1169,1178,1145,1170,46433,0.006018916595012858
4003,2014-04-01,1169,1200,1154,1197,33974,0.023076923076922995
4004,2014-04-02,1190,1313,1190,1246,84730,0.040935672514619936
4005,2014-04-03,1255,1316,1230,1258,48070,0.009630818619582593
4006,2014-04-04,1261,1334,1258,1317,36340,0.04689984101748812
4007,2014-04-07,1316,1451,1285,1381,90910,0.04859529233105553
4008,2014-04-08,1380,1386,1341,1344,34634,-0.026792179580014452
4009,2014-04-09,1344,1365,1310,1317,33553,-0.0200892857142857
4010,2014-04-10,1331,1356,1285,1347,66590,0.02277904328018221
4011,2014-04-11,1341,1383,1322,1384,39099,0.027468448403860535
4012,2014-04-14,1393,1478,1371,1433,100774,0.03540462427745661
4013,2014-04-15,1445,1610,1445,1574,219396,0.0983949755757152
4014,2014-04-16,1555,1662,1543,1574,138603,0.0
4015,2014-04-17,1555,1592,1536,1589,55725,0.009529860228716602
4016,2014-04-18,1592,1641,1585,1623,65236,0.021397105097545666
4017,2014-04-21,1634,1646,1570,1583,34146,-0.02464571780653113
4018,2014-04-22,1607,1607,1530,1583,47261,0.0
4019,2014-04-23,1601,1613,1561,1574,30012,-0.005685407454200875
4020,2014-04-24,1573,1573,1518,1528,49885,-0.029224904701397714
4021,2014-04-25,1530,1558,1481,1537,41852,0.005890052356021025
4022,2014-04-28,1536,1536,1497,1500,14190,-0.02407286922576446
4023,2014-04-29,1503,1509,1466,1506,49050,0.0040000000000000036
4024,2014-04-30,1497,1536,1481,1525,32622,0.012616201859229736
4025,2014-05-02,1543,1543,1497,1516,20980,-0.005901639344262244
4026,2014-05-07,1503,1524,1487,1497,12910,-0.01253298153034299
4027,2014-05-08,1494,1509,1460,1497,30000,0.0
4028,2014-05-09,1497,1588,1491,1568,48040,0.04742818971275886
4029,2014-05-12,1567,1644,1564,1629,47241,0.03890306122448983
4030,2014-05-13,1641,1683,1604,1635,61821,0.0036832412523020164
4031,2014-05-14,1653,1806,1616,1782,99615,0.0899082568807339
4032,2014-05-15,1775,1818,1714,1819,119938,0.02076318742985417
4033,2014-05-16,1836,1885,1809,1886,152050,0.03683342495876851
4034,2014-05-19,1925,1931,1867,1883,81670,-0.0015906680805938267
4035,2014-05-20,1904,1904,1840,1886,53960,0.0015932023366966863
4036,2014-05-21,1904,1904,1830,1855,43999,-0.0164369034994698
4037,2014-05-22,1855,1861,1830,1855,42510,0.0
4038,2014-05-23,1843,1898,1830,1858,27510,0.0016172506738545422
4039,2014-05-26,1861,1904,1830,1904,53433,0.02475780409041972
4040,2014-05-27,1913,1925,1885,1898,60493,-0.0031512605042016695
4041,2014-05-28,1901,2002,1870,1984,83703,0.0453108535300315
4042,2014-05-29,1993,1993,1941,1972,39636,-0.006048387096774244
4043,2014-05-30,1977,2008,1901,1984,79500,0.006085192697768749
4044,2014-06-02,1983,1987,1910,1984,61682,0.0
4045,2014-06-03,1962,1974,1919,1920,25655,-0.032258064516129004
4046,2014-06-05,1919,1953,1898,1929,46563,0.004687499999999956
4047,2014-06-09,1910,1928,1882,1914,30283,-0.007776049766718529
4048,2014-06-10,1912,1949,1895,1917,56191,0.0015673981191222097
4049,2014-06-11,1925,1925,1903,1907,47200,-0.005216484089723528
4050,2014-06-12,1907,1990,1898,1972,103876,0.0340849501835343
4051,2014-06-13,1971,2023,1947,1981,53431,0.004563894523326617
4052,2014-06-16,1977,1980,1940,1963,33964,-0.009086320040383677
4053,2014-06-17,1965,1965,1889,1944,54208,-0.009679062659195159
4054,2014-06-18,1928,1940,1879,1889,31752,-0.0282921810699589
4055,2014-06-19,1879,1895,1833,1852,78782,-0.01958708311275803
4056,2014-06-20,1851,1912,1846,1892,56840,0.021598272138228847
4057,2014-06-23,1895,1941,1892,1941,36308,0.0258985200845665
4058,2014-06-24,1941,1983,1919,1984,55786,0.022153529108706937
4059,2014-06-25,1989,2011,1913,1938,61503,-0.02318548387096775
4060,2014-06-26,1934,1950,1898,1938,39221,0.0
4061,2014-06-27,1928,1928,1861,1871,53536,-0.03457172342621262
4062,2014-06-30,1849,1919,1842,1914,60499,0.022982362373062504
4063,2014-07-01,1916,1931,1876,1923,60744,0.004702194357366851
4064,2014-07-02,1919,1919,1879,1910,29023,-0.006760270410816394
4065,2014-07-03,1898,1912,1873,1892,17868,-0.009424083769633551
4066,2014-07-04,1892,1910,1870,1898,28761,0.003171247357293794
4067,2014-07-07,1879,1892,1812,1837,54799,-0.03213909378292945
4068,2014-07-08,1836,1851,1769,1770,62957,-0.0364725095264018
4069,2014-07-09,1747,1977,1739,1978,500161,0.11751412429378538
4070,2014-07-10,1990,2118,1944,2036,182697,0.029322548028311468
4071,2014-07-11,2039,2081,2008,2057,65814,0.01031434184675839
4072,2014-07-14,2042,2048,2005,2008,50248,-0.023821098687408893
4073,2014-07-15,1977,2020,1974,2021,28124,0.006474103585657476
4074,2014-07-16,2020,2069,1968,1999,37914,-0.010885700148441368
4075,2014-07-17,1999,2164,1971,2158,125152,0.07953976988494249
4076,2014-07-18,2140,2189,2118,2180,58931,0.010194624652456019
4077,2014-07-21,2170,2192,2152,2183,40874,0.0013761467889907841
4078,2014-07-22,2170,2192,2115,2186,37206,0.0013742556115436955
4079,2014-07-23,2186,2192,2084,2113,54908,-0.03339432753888383
4080,2014-07-24,2118,2127,2035,2057,35892,-0.0265026029342168
4081,2014-07-25,2075,2127,2063,2079,40612,0.010695187165775444
4082,2014-07-28,2081,2081,1931,1975,56829,-0.05002405002404997
4083,2014-07-29,1993,2035,1938,2033,54440,0.02936708860759496
4084,2014-07-30,2008,2057,1944,2027,33411,-0.002951303492375823
4085,2014-07-31,2026,2050,1968,1981,15608,-0.022693635915145505
4086,2014-08-01,1980,2035,1953,2027,18603,0.023220595658758114
4087,2014-08-04,1993,2026,1965,2005,18085,-0.010853478046373932
4088,2014-08-05,1999,2127,1983,2064,64499,0.029426433915211936
4089,2014-08-06,2054,2133,2045,2100,44759,0.01744186046511631
4090,2014-08-07,2078,2106,1977,2030,78864,-0.033333333333333326
4091,2014-08-08,2029,2032,1895,1895,65923,-0.06650246305418717
4092,2014-08-11,1922,1955,1843,1880,51127,-0.0079155672823219
4093,2014-08-12,1849,2008,1849,2002,72894,0.0648936170212766
4094,2014-08-13,2020,2235,1990,2207,168282,0.10239760239760232
4095,2014-08-14,2225,2280,2167,2226,125758,0.008608971454463044
4096,2014-08-18,2247,2247,2137,2143,53548,-0.03728661275831091
4097,2014-08-19,2140,2195,2097,2140,53662,-0.0013999066728884735
4098,2014-08-20,2146,2238,2143,2180,45892,0.01869158878504673
4099,2014-08-21,2204,2271,2146,2220,35711,0.0183486238532109
4100,2014-08-22,2256,2256,2167,2174,31818,-0.02072072072072073
4101,2014-08-25,2158,2210,2137,2171,45283,-0.001379944802207933
4102,2014-08-26,2192,2222,2152,2220,34529,0.022570244127130268
4103,2014-08-27,2219,2311,2219,2302,77346,0.036936936936937004
4104,2014-08-28,2292,2345,2247,2315,61465,0.0056472632493485
4105,2014-08-29,2302,2351,2265,2287,37205,-0.012095032397408167
4106,2014-09-01,2308,2314,2225,2290,33277,0.0013117621337996876
4107,2014-09-02,2290,2290,2228,2259,28423,-0.013537117903930085
4108,2014-09-03,2262,2274,2231,2235,28655,-0.010624169986719778
4109,2014-09-04,2235,2326,2225,2253,39568,0.008053691275167862
4110,2014-09-05,2231,2283,2216,2253,31272,0.0
4111,2014-09-11,2280,2280,2207,2226,21165,-0.011984021304926817
4112,2014-09-12,2228,2231,2137,2149,40564,-0.03459119496855345
4113,2014-09-15,2143,2170,2084,2109,47099,-0.018613308515588622
4114,2014-09-16,2109,2155,2063,2094,37616,-0.007112375533428139
4115,2014-09-17,2091,2115,2060,2076,26469,-0.008595988538681931
4116,2014-09-18,2075,2143,2075,2116,29752,0.019267822736030782
4117,2014-09-19,2115,2146,2051,2076,36234,-0.018903591682419618
4118,2014-09-22,2078,2081,1983,1990,44569,-0.041425818882466325
4119,2014-09-23,1996,2057,1996,2018,29506,0.014070351758793898
4120,2014-09-24,2032,2081,2014,2082,24033,0.031714568880079286
4121,2014-09-25,2094,2100,2039,2039,18580,-0.02065321805955811
4122,2014-09-26,2002,2057,1980,2008,25181,-0.015203531142716997
4123,2014-09-29,2026,2078,1944,2033,46779,0.012450199203187351
4124,2014-09-30,2032,2045,1959,2036,39735,0.0014756517461878005
4125,2014-10-01,2035,2035,1941,1969,33870,-0.03290766208251472
4126,2014-10-02,1953,1993,1934,1959,22129,-0.00507872016251909
4127,2014-10-06,1959,1990,1809,1825,53247,-0.0684022460439
4128,2014-10-07,1818,1953,1818,1923,58383,0.05369863013698639
4129,2014-10-08,1928,1947,1895,1926,13609,0.0015600624024960652
4130,2014-10-10,1898,1947,1861,1877,20853,-0.02544132917964692
4131,2014-10-13,1882,1882,1775,1828,31433,-0.026105487480021283
4132,2014-10-14,1824,1840,1739,1767,61216,-0.03336980306345738
4133,2014-10-15,1778,1833,1769,1809,34825,0.02376910016977929
4134,2014-10-16,1784,1815,1732,1816,60222,0.003869541182974112
4135,2014-10-17,1797,1852,1778,1828,29508,0.0066079295154184425
4136,2014-10-20,1836,1910,1833,1901,30441,0.03993435448577687
4137,2014-10-21,1915,1915,1882,1901,15670,0.0
4138,2014-10-22,1928,1956,1858,1944,33137,0.022619673855865274
4139,2014-10-23,1944,1974,1922,1966,31033,0.011316872427983515
4140,2014-10-24,1983,1983,1910,1926,31496,-0.020345879959308255
4141,2014-10-27,1964,2002,1898,1975,30336,0.02544132917964692
4142,2014-10-28,1996,2023,1916,1944,23350,-0.01569620253164561
4143,2014-10-29,1925,1961,1910,1917,19211,-0.01388888888888884
4144,2014-10-30,1916,1947,1879,1904,20048,-0.006781429316640608
4145,2014-10-31,1928,1938,1873,1904,17595,0.0
4146,2014-11-03,1907,1938,1809,1861,41609,-0.02258403361344541
4147,2014-11-04,1861,1867,1772,1782,78049,-0.04245029554003221
4148,2014-11-05,1763,1824,1744,1779,55611,-0.0016835016835017313
4149,2014-11-06,1818,1864,1760,1849,21245,0.03934794828555366
4150,2014-11-07,1821,1855,1791,1837,27424,-0.006489994591671211
4151,2014-11-10,1836,1882,1812,1849,21905,0.00653238976592263
4152,2014-11-11,1836,1866,1812,1840,13999,-0.004867495943753353
4153,2014-11-12,1864,1864,1778,1822,24910,-0.009782608695652173
4154,2014-11-13,1821,1873,1821,1865,16348,0.023600439077936297
4155,2014-11-14,1870,1870,1794,1812,16044,-0.028418230563002633
4156,2014-11-17,1812,1852,1726,1754,21912,-0.03200883002207511
4157,2014-11-18,1760,1803,1744,1779,14598,0.01425313568985187
4158,2014-11-19,1729,1836,1729,1828,10628,0.027543563799887538
4159,2014-11-20,1824,1849,1784,1846,11113,0.009846827133479286
4160,2014-11-21,1861,1861,1781,1812,13986,-0.018418201516793076
4161,2014-11-24,1818,1818,1757,1757,30043,-0.030353200883002196
4162,2014-11-25,1732,1766,1702,1736,35989,-0.01195219123505975
4163,2014-11-26,1714,1861,1714,1861,32802,0.07200460829493083
4164,2014-11-27,1839,1898,1824,1868,14861,0.0037614185921548415
4165,2014-11-28,1870,1919,1824,1920,23206,0.027837259100642386
4166,2014-12-01,1922,1955,1845,1904,18733,-0.008333333333333304
4167,2014-12-02,1861,1922,1861,1892,13036,-0.006302521008403339
4168,2014-12-03,1922,1965,1876,1895,14694,0.001585623678646897
4169,2014-12-04,1873,1922,1873,1910,5961,0.0079155672823219
4170,2014-12-05,1934,1934,1867,1910,10243,0.0
4171,2014-12-08,1916,1916,1861,1886,11946,-0.012565445026177957
4172,2014-12-09,1849,1892,1849,1871,8445,-0.007953340402969244
4173,2014-12-10,1889,1889,1788,1828,15707,-0.022982362373062504
4174,2014-12-11,1759,1843,1759,1831,12468,0.001641137855579844
4175,2014-12-12,1849,1866,1797,1828,19174,-0.0016384489350081965
4176,2014-12-15,1870,1870,1794,1858,18527,0.01641137855579866
4177,2014-12-16,1876,1879,1836,1868,23283,0.005382131324004336
4178,2014-12-17,1882,1928,1861,1901,25200,0.017665952890792314
4179,2014-12-18,1934,1934,1873,1892,5857,-0.004734350341925264
4180,2014-12-19,1895,1922,1873,1874,25792,-0.009513742071881603
4181,2014-12-22,1873,1879,1846,1846,9260,-0.014941302027748127
4182,2014-12-23,1830,1906,1830,1880,50982,0.018418201516793076
4183,2014-12-24,1879,1906,1830,1855,19991,-0.013297872340425565
4184,2014-12-26,1873,1922,1836,1917,24365,0.033423180592991875
4185,2014-12-29,1898,1934,1879,1883,25961,-0.01773604590505995
4186,2014-12-30,1864,1906,1840,1855,34496,-0.014869888475836479
4187,2015-01-02,1855,1925,1855,1914,26221,0.031805929919137554
4188,2015-01-05,1928,1956,1889,1926,26354,0.006269592476489061
4189,2015-01-06,1898,1962,1898,1956,27247,0.015576323987538832
4190,2015-01-07,1938,1971,1938,1972,21922,0.008179959100204526
4191,2015-01-08,1980,2051,1971,1972,26775,0.0
4192,2015-01-09,1996,1999,1971,1993,10533,0.010649087221095366
4193,2015-01-12,1993,2008,1934,1959,14038,-0.01705970898143505
4194,2015-01-13,1959,1977,1931,1944,9604,-0.007656967840735107
4195,2015-01-14,1962,1964,1898,1901,28871,-0.022119341563786032
4196,2015-01-15,1901,1956,1901,1947,20224,0.024197790636507177
4197,2015-01-16,1953,1953,1882,1898,27896,-0.025166923472008218
4198,2015-01-19,1891,1928,1879,1914,6750,0.008429926238145313
4199,2015-01-20,1931,1931,1836,1858,38298,-0.02925809822361547
4200,2015-01-21,1852,1910,1852,1886,25168,0.01506996770721214
4201,2015-01-22,1910,1925,1849,1849,30355,-0.019618239660657455
4202,2015-01-23,1854,1882,1824,1834,41556,-0.008112493239588958
4203,2015-01-26,1849,1858,1788,1794,27485,-0.021810250817884458
4204,2015-01-27,1784,1830,1784,1825,21398,0.01727982162764774
4205,2015-01-28,1806,1833,1793,1828,25193,0.0016438356164383272
4206,2015-01-29,1846,1849,1797,1828,13839,0.0
4207,2015-01-30,1849,1854,1809,1834,13685,0.003282275711159688
4208,2015-02-02,1818,1928,1809,1852,22592,0.009814612868048078
4209,2015-02-03,1864,1876,1821,1849,15582,-0.0016198704103671524
4210,2015-02-04,1849,1861,1836,1849,29039,0.0
4211,2015-02-05,1882,1882,1830,1840,19335,-0.004867495943753353
4212,2015-02-06,1827,1849,1809,1828,14069,-0.006521739130434745
4213,2015-02-09,1812,1863,1812,1843,18820,0.008205689277899442
4214,2015-02-10,1821,1824,1766,1776,52074,-0.03635377102550186
4215,2015-02-11,1763,1775,1696,1733,68336,-0.02421171171171166
4216,2015-02-12,1717,1754,1702,1708,27549,-0.014425851125216438
4217,2015-02-13,1710,1759,1668,1708,26087,0.0
4218,2015-02-16,1711,1791,1693,1776,16196,0.03981264637002346
4219,2015-02-17,1772,1821,1748,1791,14244,0.008445945945946054
4220,2015-02-23,1791,1809,1739,1788,19151,-0.0016750418760469454
4221,2015-02-24,1788,1815,1754,1806,15621,0.010067114093959662
4222,2015-02-25,1805,1849,1784,1834,14060,0.015503875968992276
4223,2015-02-26,1849,1898,1769,1812,39510,-0.01199563794983638
4224,2015-02-27,1775,1800,1708,1764,85645,-0.026490066225165587
4225,2015-03-02,1760,1818,1739,1812,36748,0.027210884353741527
4226,2015-03-03,1824,1919,1824,1907,46184,0.05242825607064017
4227,2015-03-04,1950,1983,1913,1984,38027,0.040377556371263834
4228,2015-03-05,1983,1996,1953,1966,17363,-0.009072580645161255
4229,2015-03-06,1944,1971,1913,1947,16090,-0.009664292980671396
4230,2015-03-09,1922,1964,1913,1914,9622,-0.016949152542372836
4231,2015-03-10,1901,1910,1858,1895,20076,-0.009926854754440995
4232,2015-03-11,1870,1900,1861,1892,8935,-0.0015831134564643357
4233,2015-03-12,1895,1950,1895,1950,25287,0.030655391120507414
4234,2015-03-13,1983,2014,1916,1917,18107,-0.01692307692307693
4235,2015-03-16,1928,1934,1895,1917,13510,0.0
4236,2015-03-17,1919,1941,1879,1883,19206,-0.01773604590505995
4237,2015-03-18,1885,1925,1858,1861,17276,-0.011683483802442884
4238,2015-03-19,1892,1892,1818,1874,14077,0.006985491671144484
4239,2015-03-20,1855,1870,1784,1794,21436,-0.042689434364994616
4240,2015-03-23,1794,1818,1778,1806,13783,0.006688963210702337
4241,2015-03-24,1809,1818,1769,1779,16599,-0.014950166112956853
4242,2015-03-25,1769,1818,1717,1724,41436,-0.030916245081506477
4243,2015-03-26,1699,1775,1680,1776,25966,0.030162412993039345
4244,2015-03-27,1751,1784,1699,1711,36755,-0.036599099099099086
4245,2015-03-30,1693,1775,1693,1764,11920,0.030976037405026302
4246,2015-03-31,1763,1781,1732,1782,13798,0.010204081632652962
4247,2015-04-01,1781,1797,1745,1760,16132,-0.012345679012345734
4248,2015-04-02,1760,1788,1732,1773,10389,0.00738636363636358
4249,2015-04-03,1766,1800,1754,1779,5472,0.0033840947546530664
4250,2015-04-06,1778,1800,1744,1779,10211,0.0
4251,2015-04-07,1772,1800,1735,1764,24412,-0.00843170320404718
4252,2015-04-08,1763,1763,1735,1736,8790,-0.015873015873015928
4253,2015-04-09,1735,1788,1732,1760,15496,0.01382488479262678
4254,2015-04-10,1742,1803,1711,1776,31612,0.009090909090909038
4255,2015-04-13,1784,1812,1775,1800,16298,0.013513513513513598
4256,2015-04-14,1812,1916,1784,1846,44150,0.025555555555555554
4257,2015-04-15,1846,1910,1846,1910,131760,0.034669555796316365
4258,2015-04-16,1959,2042,1858,1871,79219,-0.02041884816753925
4259,2015-04-17,1849,1950,1849,1938,37652,0.035809727418492754
4260,2015-04-20,1910,1956,1898,1910,28518,-0.014447884416924683
4261,2015-04-21,1941,1956,1892,1944,30275,0.017801047120418856
4262,2015-04-22,1959,1977,1898,1941,22834,-0.0015432098765432167
4263,2015-04-23,1931,1934,1846,1898,53862,-0.022153529108706826
4264,2015-04-24,1898,1937,1892,1917,15715,0.01001053740779767
4265,2015-04-27,1898,1941,1898,1923,12743,0.003129890453834161
4266,2015-04-28,1904,1944,1895,1935,14818,0.006240249609984483
4267,2015-04-29,1950,1965,1913,1935,13970,0.0
4268,2015-04-30,1938,1959,1913,1959,22956,0.01240310077519391
4269,2015-05-04,1977,1977,1912,1917,9574,-0.02143950995405819
4270,2015-05-06,1904,1910,1833,1849,14406,-0.03547209181012001
4271,2015-05-07,1836,1840,1769,1803,19496,-0.02487831260140616
4272,2015-05-08,1784,1800,1759,1782,21691,-0.011647254575707144
4273,2015-05-11,1781,1864,1781,1861,9425,0.04433221099887774
4274,2015-05-12,1885,1892,1818,1822,10894,-0.020956475013433673
4275,2015-05-13,1836,1854,1784,1834,5012,0.00658616904500553
4276,2015-05-14,1803,1846,1803,1812,9113,-0.01199563794983638
4277,2015-05-15,1809,2081,1794,2082,152662,0.14900662251655628
4278,2015-05-18,2143,2259,2127,2201,216669,0.057156580211335184
4279,2015-05-19,2207,2516,2186,2437,293920,0.1072239890958655
4280,2015-05-20,2489,2494,2359,2437,115567,0.0
4281,2015-05-21,2440,2645,2421,2615,153357,0.07304062371768572
4282,2015-05-22,2602,2645,2547,2590,43858,-0.009560229445506718
4283,2015-05-26,2590,2590,2437,2437,68277,-0.05907335907335909
4284,2015-05-27,2437,2440,2323,2357,51918,-0.032827246614690164
4285,2015-05-28,2360,2473,2360,2397,41632,0.01697072549851497
4286,2015-05-29,2387,2391,2287,2324,46899,-0.030454735085523543
4287,2015-06-01,2329,2336,2247,2302,52213,-0.009466437177280573
4288,2015-06-02,2283,2369,2173,2259,92788,-0.018679409209383158
4289,2015-06-03,2259,2283,2133,2192,74033,-0.02965914121292612
4290,2015-06-04,2195,2235,2023,2085,80588,-0.04881386861313863
4291,2015-06-05,2069,2250,1999,2229,118166,0.06906474820143882
4292,2015-06-08,2253,2253,2167,2198,35508,-0.013907581875280406
4293,2015-06-09,2161,2228,2158,2168,23628,-0.013648771610555
4294,2015-06-10,2198,2198,2078,2106,42168,-0.02859778597785978
4295,2015-06-11,2155,2293,2100,2143,74296,0.017568850902184296
4296,2015-06-12,2109,2164,2048,2113,48546,-0.013999066728884735
4297,2015-06-15,2084,2161,2069,2158,27690,0.02129673450070979
4298,2015-06-16,2140,2186,2020,2134,78746,-0.011121408711770142
4299,2015-06-17,2133,2195,2091,2177,24176,0.02014995313964385
4300,2015-06-18,2192,2192,2106,2137,21106,-0.01837390904915026
4301,2015-06-19,2143,2143,2045,2051,51810,-0.040243331773514246
4302,2015-06-22,2023,2081,2023,2060,10590,0.004388103364212581
4303,2015-06-23,2063,2133,2039,2113,25748,0.02572815533980588
4304,2015-06-24,2112,2143,2063,2128,19696,0.007098911500236671
4305,2015-06-25,2158,2198,2127,2158,25223,0.014097744360902276
4306,2015-06-26,2192,2192,2097,2100,23371,-0.026876737720111232
4307,2015-06-29,2106,2106,2035,2039,24083,-0.0290476190476191
4308,2015-06-30,2039,2109,1977,2094,27322,0.026974006866110845
4309,2015-07-01,2088,2106,2057,2070,13303,-0.011461318051575908
4310,2015-07-02,2112,2112,2026,2027,16751,-0.020772946859903385
4311,2015-07-03,2020,2244,1983,2116,58123,0.04390725209669455
4312,2015-07-06,2097,2133,2002,2045,36029,-0.03355387523629494
4313,2015-07-07,2048,2088,1965,1972,22979,-0.035696821515892374
4314,2015-07-08,1980,2014,1910,1910,20240,-0.03144016227180524
4315,2015-07-09,1928,1956,1812,1917,37040,0.003664921465968529
4316,2015-07-10,1898,1947,1882,1917,8707,0.0
4317,2015-07-13,1882,1940,1870,1889,21774,-0.0146061554512259
4318,2015-07-14,1863,1898,1833,1868,60789,-0.011116993118051921
4319,2015-07-15,1889,1916,1858,1886,16154,0.009635974304068595
4320,2015-07-16,1892,1928,1867,1880,21974,-0.0031813361611876534
4321,2015-07-17,1873,1931,1846,1874,16029,-0.0031914893617021045
4322,2015-07-20,1858,1879,1840,1871,24147,-0.0016008537886873508
4323,2015-07-21,1870,2137,1858,2082,116134,0.11277391769107425
4324,2015-07-22,2081,2124,1993,2033,30827,-0.023535062439961618
4325,2015-07-23,2032,2112,1990,2103,35917,0.03443187407771764
4326,2015-07-24,2081,2146,2045,2088,30215,-0.007132667617689048
4327,2015-07-27,2118,2118,2035,2057,21717,-0.014846743295019116
4328,2015-07-28,2020,2075,1959,1996,14371,-0.029654837141468104
4329,2015-07-29,1996,2032,1968,1984,6474,-0.006012024048096198
4330,2015-07-30,1977,2008,1934,1947,11969,-0.018649193548387122
4331,2015-07-31,1925,1965,1922,1953,12009,0.0030816640986133237
4332,2015-08-03,1940,1956,1901,1914,10688,-0.019969278033794113
4333,2015-08-04,1919,2004,1916,2002,34007,0.04597701149425282
4334,2015-08-05,2002,2020,1947,1996,35026,-0.0029970029970030065
4335,2015-08-06,1996,2035,1956,1966,26843,-0.01503006012024044
4336,2015-08-07,1965,2017,1959,1981,11522,0.007629704984740693
4337,2015-08-10,1980,2075,1980,2073,23948,0.04644119131751645
4338,2015-08-11,2084,2207,2060,2082,63917,0.004341534008682979
4339,2015-08-12,2051,2255,2051,2250,65830,0.08069164265129691
4340,2015-08-13,2271,2295,2213,2272,47592,0.009777777777777885
4341,2015-08-17,2253,2620,2207,2474,143386,0.08890845070422526
4342,2015-08-18,2479,2498,2354,2434,104149,-0.01616814874696848
4343,2015-08-19,2397,2565,2302,2517,102378,0.03410024650780619
4344,2015-08-20,2507,2737,2299,2373,126437,-0.05721096543504167
4345,2015-08-21,2222,2467,2222,2406,62317,0.013906447534766109
4346,2015-08-24,2366,2492,2219,2244,65135,-0.06733167082294267
4347,2015-08-25,2283,2430,2210,2410,65235,0.07397504456327986
4348,2015-08-26,2369,2461,2369,2413,54159,0.0012448132780082943
4349,2015-08-27,2449,2590,2366,2541,145959,0.05304600082884381
4350,2015-08-28,2584,2752,2492,2621,147477,0.031483667847304275
4351,2015-08-31,2614,2740,2596,2691,97976,0.026707363601678802
4352,2015-09-01,2672,2767,2584,2584,92292,-0.03976217019695283
4353,2015-09-02,2547,2685,2507,2654,79980,0.027089783281733837
4354,2015-09-03,2688,2859,2642,2829,151016,0.06593820648078363
4355,2015-09-04,2828,2828,2712,2713,72631,-0.041003888299752544
4356,2015-09-07,2651,2779,2562,2713,53576,0.0
4357,2015-09-08,2724,2773,2608,2636,43204,-0.028381865093991876
4358,2015-09-09,2663,2773,2642,2710,43796,0.028072837632777015
4359,2015-09-10,2709,2960,2685,2909,113140,0.07343173431734318
4360,2015-09-11,2908,3141,2887,3068,135356,0.05465795806118945
4361,2015-09-14,3031,3092,2948,2961,42467,-0.034876140808344225
4362,2015-09-15,2954,3058,2896,2939,69881,-0.00742992232353934
4363,2015-09-16,2939,3037,2923,2961,45608,0.007485539299081356
4364,2015-09-17,2960,2966,2816,2829,72913,-0.04457953394123604
4365,2015-09-18,2841,2887,2801,2847,62039,0.006362672322375307
4366,2015-09-21,2810,2841,2755,2786,48058,-0.021426062521952893
4367,2015-09-22,2770,2905,2770,2804,58325,0.006460875807609456
4368,2015-09-23,2770,2825,2755,2768,19462,-0.012838801711840264
4369,2015-09-24,2786,2832,2755,2798,23548,0.010838150289017356
4370,2015-09-25,2798,2868,2666,2844,52685,0.01644031451036465
4371,2015-09-30,2804,2856,2743,2829,20087,-0.0052742616033755185
4372,2015-10-01,2804,2939,2801,2933,49286,0.036762106751502266
4373,2015-10-02,2936,3046,2902,3003,50887,0.023866348448687402
4374,2015-10-05,3003,3031,2926,2967,31742,-0.011988011988012026
4375,2015-10-06,2945,2966,2807,2835,62360,-0.044489383215369105
4376,2015-10-07,2822,2862,2755,2841,30905,0.002116402116402183
4377,2015-10-08,2841,2884,2724,2765,29731,-0.026751143963393176
4378,2015-10-12,2752,2789,2660,2688,36091,-0.027848101265822822
4379,2015-10-13,2688,2734,2654,2731,22767,0.015997023809523725
4380,2015-10-14,2700,2709,2587,2587,50229,-0.05272793848407176
4381,2015-10-15,2580,2666,2577,2633,21724,0.0177812137611133
4382,2015-10-16,2633,2669,2565,2569,31404,-0.024306874287884583
4383,2015-10-19,2571,2590,2510,2514,39248,-0.02140910860256906
4384,2015-10-20,2541,2648,2510,2645,48799,0.0521081941129673
4385,2015-10-21,2660,2709,2602,2679,28745,0.012854442344045314
4386,2015-10-22,2654,2675,2580,2661,29853,-0.006718924972004436
4387,2015-10-23,2678,2682,2584,2651,22718,-0.0037579857196542443
4388,2015-10-26,2663,2669,2568,2593,19458,-0.02187853640135795
4389,2015-10-27,2593,2663,2574,2602,14829,0.0034708831469341117
4390,2015-10-28,2571,2660,2571,2584,10159,-0.006917755572636408
4391,2015-10-29,2587,2629,2577,2609,10445,0.009674922600619196
4392,2015-10-30,2590,2599,2461,2507,38466,-0.03909543886546574
4393,2015-11-02,2479,2519,2455,2492,10512,-0.005983246908655815
4394,2015-11-03,2528,2571,2467,2486,16468,-0.0024077046548957037
4395,2015-11-04,2473,2525,2457,2489,9533,0.0012067578439258764
4396,2015-11-05,2489,2535,2467,2468,8479,-0.008437123342707964
4397,2015-11-06,2467,2491,2409,2492,19899,0.009724473257698651
4398,2015-11-09,2473,2492,2397,2474,20204,-0.007223113964687
4399,2015-11-10,2424,2439,2253,2287,35251,-0.07558609539207761
4400,2015-11-11,2287,2357,2265,2299,23290,0.005247048535198973
4401,2015-11-12,2326,2415,2277,2351,14097,0.022618529795563225
4402,2015-11-13,2351,2430,2317,2351,25240,0.0
4403,2015-11-16,2332,2351,2262,2308,14844,-0.018290089323692027
4404,2015-11-17,2326,2357,2253,2287,25007,-0.009098786828422911
4405,2015-11-18,2305,2305,2253,2281,27726,-0.0026235242675994863
4406,2015-11-19,2302,2326,2259,2296,51173,0.006576063130206089
4407,2015-11-20,2271,2470,2265,2431,48731,0.058797909407665605
4408,2015-11-23,2434,2489,2342,2357,28548,-0.030440148087206964
4409,2015-11-24,2366,2378,2305,2357,23200,0.0
4410,2015-11-25,2357,2443,2353,2373,30978,0.006788290199406077
4411,2015-11-26,2375,2507,2375,2443,43657,0.029498525073746285
4412,2015-11-27,2443,2458,2412,2446,11892,0.0012279983626688473
4413,2015-11-30,2479,2479,2357,2449,18718,0.0012264922322158256
4414,2015-12-01,2452,2495,2406,2410,24417,-0.015924867292772538
4415,2015-12-02,2409,2449,2406,2434,15985,0.009958506224066355
4416,2015-12-03,2449,2449,2351,2385,18403,-0.020131470829909626
4417,2015-12-04,2385,2391,2342,2382,14827,-0.0012578616352201255
4418,2015-12-07,2388,2400,2274,2278,29376,-0.04366078925272876
4419,2015-12-08,2265,2290,2222,2235,16865,-0.018876207199297612
4420,2015-12-09,2213,2280,2213,2235,17842,0.0
4421,2015-12-10,2238,2253,2195,2195,10485,-0.017897091722595126
4422,2015-12-11,2195,2219,2152,2152,13382,-0.019589977220956678
4423,2015-12-14,2143,2146,2075,2119,32551,-0.015334572490706355
4424,2015-12-15,2100,2121,2084,2116,16858,-0.0014157621519584884
4425,2015-12-16,2106,2207,2103,2155,21425,0.018431001890359067
4426,2015-12-17,2133,2225,2133,2226,19396,0.03294663573085854
4427,2015-12-18,2173,2210,2158,2183,16706,-0.019317160826594737
4428,2015-12-21,2186,2186,2130,2134,21572,-0.02244617498854784
4429,2015-12-22,2164,2189,2137,2168,28704,0.015932521087160367
4430,2015-12-23,2186,2207,2164,2186,21697,0.008302583025830312
4431,2015-12-24,2213,2219,2164,2217,17386,0.01418115279048493
4432,2015-12-28,2253,2363,2244,2321,28500,0.046910239061795256
4433,2015-12-29,2265,2385,2265,2324,11326,0.0012925463162429818
4434,2015-12-30,2357,2403,2326,2376,16687,0.022375215146299476
4435,2016-01-04,2344,2391,2250,2272,24481,-0.043771043771043794
4436,2016-01-05,2259,2299,2219,2269,11848,-0.001320422535211252
4437,2016-01-06,2280,2280,2238,2266,12998,-0.001322168356103992
4438,2016-01-07,2219,2265,2213,2235,13696,-0.013680494263018539
4439,2016-01-08,2244,2244,2158,2195,10539,-0.017897091722595126
4440,2016-01-11,2186,2213,2146,2177,11895,-0.008200455580865573
4441,2016-01-12,2152,2225,2149,2183,10730,0.002756086357372567
4442,2016-01-13,2228,2265,2170,2253,14160,0.03206596426935415
4443,2016-01-14,2198,2244,2149,2165,28499,-0.039059032401242755
4444,2016-01-15,2201,2207,2130,2171,19564,0.0027713625866050418
4445,2016-01-18,2143,2204,2130,2174,11435,0.0013818516812529325
4446,2016-01-19,2143,2173,2112,2174,16291,0.0
4447,2016-01-20,2158,2210,2143,2180,18352,0.002759889604415866
4448,2016-01-21,2179,2210,2143,2198,14189,0.008256880733944927
4449,2016-01-22,2201,2225,2158,2180,11889,-0.008189262966333044
4450,2016-01-25,2231,2231,2161,2214,14065,0.015596330275229331
4451,2016-01-26,2186,2213,2158,2174,8875,-0.01806684733513997
4452,2016-01-27,2173,2186,2143,2168,17401,-0.002759889604415866
4453,2016-01-28,2143,2222,2137,2211,11117,0.019833948339483376
4454,2016-01-29,2235,2235,2179,2211,12047,0.0
4455,2016-02-01,2186,2228,2186,2217,12769,0.0027137042062415073
4456,2016-02-02,2213,2222,2182,2223,13861,0.0027063599458727605
4457,2016-02-03,2189,2228,2170,2226,16760,0.0013495276653170407
4458,2016-02-04,2235,2332,2207,2327,27094,0.04537286612758318
4459,2016-02-05,2339,2430,2302,2431,26597,0.04469273743016755
4460,2016-02-11,2357,2362,2293,2293,26693,-0.05676676264911562
4461,2016-02-12,2265,2311,2176,2232,51162,-0.026602703881378087
4462,2016-02-15,2222,2302,2219,2293,13367,0.02732974910394259
4463,2016-02-16,2305,2388,2295,2370,8816,0.033580462276493694
4464,2016-02-17,2406,2408,2326,2388,17521,0.0075949367088608
4465,2016-02-18,2391,2430,2345,2416,17046,0.011725293132328396
4466,2016-02-19,2394,2498,2394,2486,24469,0.0289735099337749
4467,2016-02-22,2516,2538,2464,2504,24592,0.007240547063555924
4468,2016-02-23,2507,2535,2486,2517,13173,0.005191693290734767
4469,2016-02-24,2498,2544,2498,2532,9619,0.005959475566150285
4470,2016-02-25,2528,2752,2528,2725,87704,0.07622432859399675
4471,2016-02-26,2773,2776,2682,2734,47286,0.003302752293578015
4472,2016-02-29,2749,2749,2663,2710,26680,-0.008778346744696464
4473,2016-03-02,2709,2734,2675,2710,31700,0.0
4474,2016-03-03,2746,2746,2636,2673,23853,-0.01365313653136535
4475,2016-03-04,2620,2672,2602,2642,27812,-0.011597456041900434
4476,2016-03-07,2663,2678,2639,2658,16165,0.006056018168054456
4477,2016-03-08,2657,2657,2608,2621,16678,-0.01392024078254328
4478,2016-03-09,2602,2712,2596,2670,17763,0.018695154521175095
4479,2016-03-10,2703,2743,2669,2743,16834,0.027340823970037453
4480,2016-03-11,2752,2877,2712,2844,51179,0.03682099890630686
4481,2016-03-14,2871,2969,2724,2808,37371,-0.012658227848101222
4482,2016-03-15,2773,2828,2755,2786,13320,-0.007834757834757844
4483,2016-03-16,2786,2801,2694,2710,16056,-0.027279253409906667
4484,2016-03-17,2734,2779,2709,2731,7829,0.007749077490774914
4485,2016-03-18,2730,2779,2694,2734,10954,0.0010984987184181616
4486,2016-03-21,2801,2801,2678,2713,11684,-0.007681053401609406
4487,2016-03-22,2709,2712,2663,2691,15438,-0.00810910431256906
4488,2016-03-23,2688,2700,2657,2664,12493,-0.010033444816053505
4489,2016-03-24,2691,2737,2657,2734,10159,0.026276276276276267
4490,2016-03-25,2724,2727,2614,2667,16919,-0.024506217995610813
4491,2016-03-28,2663,2688,2611,2658,15940,-0.003374578177727794
4492,2016-03-29,2657,2724,2629,2725,16308,0.025206922498118844
4493,2016-03-30,2724,2813,2724,2792,25933,0.024587155963302854
4494,2016-03-31,2792,2822,2743,2795,9809,0.0010744985673352137
4495,2016-04-01,2755,2795,2734,2768,17169,-0.009660107334525936
4496,2016-04-04,2847,2847,2682,2688,14946,-0.028901734104046284
4497,2016-04-05,2691,2691,2593,2642,18566,-0.017113095238095233
4498,2016-04-06,2614,2648,2568,2590,21116,-0.019682059046177147
4499,2016-04-07,2590,2626,2556,2627,18292,0.014285714285714235
4500,2016-04-08,2626,2685,2562,2658,28742,0.011800532927293439
4501,2016-04-11,2636,2636,2562,2569,25610,-0.03348382242287429
4502,2016-04-12,2602,2602,2538,2581,13306,0.004671078240560567
4503,2016-04-14,2590,2626,2550,2599,18777,0.006974041069353065
4504,2016-04-15,2620,2633,2559,2630,16758,0.011927664486340861
4505,2016-04-18,2633,2651,2587,2642,17875,0.004562737642585635
4506,2016-04-19,2636,2636,2587,2590,19485,-0.019682059046177147
4507,2016-04-20,2626,2663,2587,2658,28583,0.026254826254826336
4508,2016-04-21,2681,2685,2645,2685,17197,0.010158013544018019
4509,2016-04-22,2685,2758,2657,2752,18258,0.024953445065176938
4510,2016-04-25,2770,2770,2675,2710,19531,-0.015261627906976716
4511,2016-04-26,2734,2734,2642,2676,13126,-0.012546125461254665
4512,2016-04-27,2678,2678,2596,2605,16526,-0.02653213751868455
4513,2016-04-28,2602,2633,2596,2618,18346,0.00499040307101728
4514,2016-04-29,2599,2648,2550,2556,18424,-0.023682200152788435
4515,2016-05-02,2553,2580,2461,2486,22236,-0.027386541471048464
4516,2016-05-03,2485,2498,2387,2422,41386,-0.02574416733708773
4517,2016-05-04,2406,2452,2357,2361,26864,-0.02518579686209743
4518,2016-05-09,2351,2436,2351,2434,20561,0.030919102075391836
4519,2016-05-10,2449,2449,2375,2449,16800,0.006162695152013065
4520,2016-05-11,2449,2559,2434,2468,14143,0.007758268681094416
4521,2016-05-12,2489,2507,2451,2495,12766,0.010940032414910927
4522,2016-05-13,2495,2559,2449,2498,14580,0.0012024048096193063
4523,2016-05-16,2498,2498,2418,2425,16572,-0.02922337870296232
4524,2016-05-17,2397,2421,2317,2324,30642,-0.041649484536082526
4525,2016-05-18,2323,2366,2302,2308,12513,-0.0068846815834767705
4526,2016-05-19,2308,2351,2241,2256,26702,-0.022530329289428108
4527,2016-05-20,2247,2293,2247,2269,12682,0.005762411347517649
4528,2016-05-23,2271,2314,2265,2275,9728,0.002644336712207984
4529,2016-05-24,2296,2296,2210,2220,11400,-0.0241758241758242
4530,2016-05-25,2259,2296,2195,2269,24393,0.02207207207207218
4531,2016-05-26,2295,2351,2262,2345,12822,0.033494931687968243
4532,2016-05-27,2345,2351,2271,2348,22599,0.0012793176972281106
4533,2016-05-30,2372,2418,2313,2379,21408,0.01320272572402037
4534,2016-05-31,2406,2406,2308,2315,15602,-0.02690205968894499
4535,2016-06-01,2296,2348,2296,2333,14551,0.007775377969762465
4536,2016-06-02,2360,2360,2302,2324,11480,-0.00385769395627944
4537,2016-06-03,2354,2354,2314,2339,7604,0.0064543889845094515
4538,2016-06-07,2308,2320,2292,2315,10583,-0.010260795211628926
4539,2016-06-08,2314,2338,2299,2324,7097,0.0038876889848811214
4540,2016-06-09,2326,2351,2302,2302,9837,-0.009466437177280573
4541,2016-06-10,2296,2311,2238,2256,21576,-0.019982623805386623
4542,2016-06-13,2222,2271,2201,2232,13642,-0.010638297872340385
4543,2016-06-14,2231,2238,2201,2226,5871,-0.0026881720430107503
4544,2016-06-15,2213,2241,2201,2226,5808,0.0
4545,2016-06-16,2222,2222,2179,2183,10021,-0.019317160826594737
4546,2016-06-17,2182,2235,2155,2165,9350,-0.008245533669262506
4547,2016-06-20,2161,2235,2161,2198,7774,0.01524249422632784
4548,2016-06-21,2204,2207,2152,2162,8668,-0.016378525932666088
4549,2016-06-22,2164,2216,2161,2217,8319,0.025439407955596627
4550,2016-06-23,2216,2216,2152,2171,13119,-0.020748759585024756
4551,2016-06-24,2201,2201,2008,2012,48953,-0.07323813910640253
4552,2016-06-27,1974,2035,1941,2015,22638,0.0014910536779324524
4553,2016-06-28,2011,2042,1990,2015,13131,0.0
4554,2016-06-29,2048,2084,2032,2064,5667,0.024317617866004948
4555,2016-06-30,2094,2109,2063,2094,15262,0.014534883720930258
4556,2016-07-01,2072,2130,2072,2094,8583,0.0
4557,2016-07-04,2097,2137,2057,2088,15388,-0.002865329512893977
4558,2016-07-05,2088,2106,2081,2106,8806,0.008620689655172376
4559,2016-07-06,2091,2106,2042,2064,17259,-0.019943019943019946
4560,2016-07-07,2060,2112,2060,2106,5660,0.02034883720930236
4561,2016-07-08,2106,2130,2078,2091,11549,-0.007122507122507171
4562,2016-07-11,2118,2118,2069,2082,10758,-0.004304160688665681
4563,2016-07-12,2106,2121,2075,2122,11225,0.019212295869356355
4564,2016-07-13,2124,2127,2103,2125,14636,0.001413760603204528
4565,2016-07-14,2130,2192,2124,2168,16238,0.02023529411764713
4566,2016-07-15,2167,2192,2137,2140,12715,-0.01291512915129156
4567,2016-07-18,2170,2179,2149,2155,6628,0.007009345794392496
4568,2016-07-19,2143,2192,2127,2140,8630,-0.00696055684454755
4569,2016-07-20,2130,2173,2130,2168,3843,0.013084112149532645
4570,2016-07-21,2155,2186,2133,2186,9468,0.008302583025830312
4571,2016-07-22,2186,2186,2118,2134,14258,-0.023787740164684323
4572,2016-07-25,2133,2198,2121,2183,17123,0.02296157450796632
4573,2016-07-26,2182,2241,2155,2238,10524,0.025194686211635453
4574,2016-07-27,2238,2308,2238,2278,18205,0.01787310098302064
4575,2016-07-28,2286,2313,2247,2269,11074,-0.003950834064969322
4576,2016-07-29,2268,2296,2234,2256,6992,-0.005729396209784077
4577,2016-08-01,2256,2277,2158,2244,5060,-0.005319148936170248
4578,2016-08-02,2265,2265,2182,2198,11609,-0.02049910873440286
4579,2016-08-03,2213,2213,2149,2168,5129,-0.013648771610555
4580,2016-08-04,2167,2192,2155,2183,5996,0.006918819188191927
4581,2016-08-05,2167,2186,2124,2149,22906,-0.01557489693082914
4582,2016-08-08,2170,2170,2140,2143,6190,-0.0027919962773382823
4583,2016-08-09,2173,2173,2143,2158,7974,0.006999533364442367
4584,2016-08-10,2182,2189,2158,2165,6090,0.0032437442075996525
4585,2016-08-11,2161,2176,2149,2171,8846,0.0027713625866050418
4586,2016-08-12,2198,2332,2176,2324,38552,0.07047443574389689
4587,2016-08-16,2320,2339,2302,2327,24546,0.001290877796901846
4588,2016-08-17,2342,2342,2256,2296,16062,-0.013321873657069161
4589,2016-08-18,2308,2400,2299,2351,22524,0.023954703832752555
4590,2016-08-19,2351,2351,2274,2318,14444,-0.014036580178647395
4591,2016-08-22,2283,2296,2231,2238,20820,-0.0345125107851596
4592,2016-08-23,2268,2280,2241,2266,11069,0.01251117068811447
4593,2016-08-24,2268,2304,2262,2299,4867,0.014563106796116498
4594,2016-08-25,2265,2302,2246,2272,4191,-0.01174423662461943
4595,2016-08-26,2280,2280,2195,2247,10260,-0.011003521126760618
4596,2016-08-29,2247,2255,2222,2250,19418,0.001335113484646211
4597,2016-08-30,2250,2253,2201,2232,7901,-0.008000000000000007
4598,2016-08-31,2207,2244,2149,2223,19314,-0.0040322580645161255
4599,2016-09-01,2235,2274,2179,2275,13339,0.023391812865497075
4600,2016-09-02,2274,2274,2228,2259,18188,-0.007032967032967075
4601,2016-09-05,2259,2259,2204,2223,7795,-0.015936254980079667
4602,2016-09-06,2198,2225,2198,2220,9923,-0.0013495276653171517
4603,2016-09-07,2228,2228,2186,2217,9689,-0.0013513513513513375
4604,2016-09-08,2201,2222,2179,2223,8757,0.0027063599458727605
4605,2016-09-09,2204,2204,2161,2195,9703,-0.012595591542959972
4606,2016-09-12,2143,2161,2127,2155,17977,-0.018223234624145768
4607,2016-09-13,2225,2225,2133,2165,6425,0.004640371229698292
4608,2016-09-19,2127,2130,2094,2113,20280,-0.02401847575057736
4609,2016-09-20,2094,2124,2094,2116,7838,0.0014197823000472454
4610,2016-09-21,2115,2133,2091,2113,7851,-0.0014177693761814325
4611,2016-09-22,2143,2213,2137,2192,16484,0.037387600567913015
4612,2016-09-23,2170,2195,2149,2177,5847,-0.006843065693430628
4613,2016-09-26,2186,2210,2137,2204,9412,0.012402388608176329
4614,2016-09-27,2222,2222,2192,2211,7235,0.0031760435571688284
4615,2016-09-28,2235,2235,2179,2198,5059,-0.005879692446856599
4616,2016-09-29,2179,2195,2155,2155,8910,-0.019563239308462266
4617,2016-09-30,2155,2173,2133,2134,7370,-0.009744779582366636
4618,2016-10-04,2170,2198,2133,2183,14654,0.02296157450796632
4619,2016-10-05,2149,2189,2143,2162,3150,-0.009619789280806201
4620,2016-10-06,2198,2198,2112,2152,3671,-0.0046253469010175685
4621,2016-10-07,2152,2182,2133,2149,5376,-0.0013940520446096283
4622,2016-10-10,2143,2155,2115,2131,3445,-0.008375988832014847
4623,2016-10-11,2167,2186,2133,2158,4013,0.012670107930549124
4624,2016-10-12,2161,2167,2115,2125,8874,-0.015291936978683918
4625,2016-10-13,2127,2149,2121,2122,2491,-0.0014117647058823346
4626,2016-10-14,2112,2130,2106,2113,4570,-0.004241281809613584
4627,2016-10-17,2164,2164,2103,2119,7245,0.002839564600094713
4628,2016-10-18,2118,2137,2106,2113,4881,-0.002831524303916977
4629,2016-10-19,2112,2152,2100,2106,2184,-0.003312825366777128
4630,2016-10-20,2118,2118,2088,2113,4341,0.003323836657169954
4631,2016-10-21,2091,2167,2078,2168,6739,0.026029342167534386
4632,2016-10-24,2161,2161,2094,2100,5802,-0.03136531365313655
4633,2016-10-25,2112,2112,2075,2085,4334,-0.0071428571428571175
4634,2016-10-26,2109,2109,2017,2051,6179,-0.016306954436450805
4635,2016-10-27,2081,2081,2020,2064,4394,0.006338371526084741
4636,2016-10-28,2069,2069,2039,2060,8325,-0.0019379844961240345
4637,2016-10-31,2060,2060,1993,1996,10625,-0.031067961165048508
4638,2016-11-01,2045,2045,1968,2021,5816,0.01252505010020033
4639,2016-11-02,2039,2039,1947,1981,4088,-0.019792182088075205
4640,2016-11-03,1990,2017,1947,2002,3237,0.010600706713780994
4641,2016-11-04,2017,2042,1974,2033,4017,0.01548451548451557
4642,2016-11-07,2048,2091,2026,2085,6769,0.02557796360059017
4643,2016-11-08,2084,2103,2063,2097,5323,0.0057553956834532904
4644,2016-11-09,2097,2097,1971,2051,13375,-0.021936099189318048
4645,2016-11-10,2063,2097,2054,2073,4288,0.010726474890297322
4646,2016-11-11,2133,2133,2029,2051,9957,-0.010612638687891973
4647,2016-11-14,2029,2069,2020,2033,2152,-0.008776206728425162
4648,2016-11-15,2057,2189,2057,2125,19400,0.045253320216428916
4649,2016-11-16,2124,2164,2118,2140,11133,0.007058823529411784
4650,2016-11-17,2143,2170,2130,2131,3338,-0.0042056074766355644
4651,2016-11-18,2140,2158,2088,2137,1633,0.002815579540121904
4652,2016-11-21,2133,2133,2054,2109,3700,-0.013102480112306969
4653,2016-11-22,2149,2149,2072,2076,5230,-0.015647226173541973
4654,2016-11-23,2112,2112,2057,2057,5260,-0.009152215799614671
4655,2016-11-24,2088,2088,2020,2079,2314,0.010695187165775444
4656,2016-11-25,2035,2097,2035,2067,3095,-0.005772005772005762
4657,2016-11-28,2069,2069,2020,2045,4248,-0.010643444605708763
4658,2016-11-29,2078,2081,2032,2067,4154,0.010757946210268932
4659,2016-11-30,2066,2066,2014,2033,4206,-0.01644895984518624
4660,2016-12-01,2023,2060,2020,2027,4756,-0.002951303492375823
4661,2016-12-02,2078,2078,2011,2021,1801,-0.002960039467192921
4662,2016-12-05,2011,2100,1965,1978,3707,-0.021276595744680882
4663,2016-12-06,1965,2026,1965,2012,5018,0.01718907987866536
4664,2016-12-07,1983,2066,1983,2039,10081,0.013419483101391627
4665,2016-12-08,2039,2060,2029,2054,14481,0.007356547327121099
4666,2016-12-09,2091,2091,2042,2064,5391,0.004868549172346581
4667,2016-12-12,2100,2189,2075,2180,11822,0.056201550387597
4668,2016-12-13,2179,2210,2143,2183,6933,0.0013761467889907841
4669,2016-12-14,2192,2204,2143,2152,2326,-0.014200641319285334
4670,2016-12-15,2182,2186,2146,2177,6268,0.011617100371747124
4671,2016-12-16,2198,2198,2133,2146,3714,-0.01423977951309141
4672,2016-12-19,2198,2198,2100,2109,11028,-0.017241379310344862
4673,2016-12-20,2124,2124,2075,2106,7088,-0.0014224751066855834
4674,2016-12-21,2179,2179,2057,2070,9278,-0.017094017094017144
4675,2016-12-22,2057,2084,2057,2067,2507,-0.0014492753623188692
4676,2016-12-23,2054,2081,2054,2082,1655,0.007256894049346929
4677,2016-12-26,2081,2094,2063,2079,4096,-0.0014409221902017544
4678,2016-12-27,2066,2133,2066,2094,8058,0.00721500721500723
4679,2016-12-28,2088,2088,2042,2067,3817,-0.012893982808022897
4680,2016-12-29,2069,2069,2035,2054,3885,-0.0062893081761006275
4681,2017-01-02,2094,2109,2042,2085,2539,0.015092502434274513
4682,2017-01-03,2084,2124,2048,2116,10357,0.014868105515587482
4683,2017-01-04,2133,2244,2118,2232,25274,0.05482041587901709
4684,2017-01-05,2231,2235,2161,2186,9973,-0.020609318996415715
4685,2017-01-06,2186,2207,2143,2168,7592,-0.008234217749313766
4686,2017-01-09,2173,2173,2127,2134,4777,-0.01568265682656822
4687,2017-01-10,2140,2167,2088,2094,9060,-0.018744142455482615
4688,2017-01-11,2084,2124,2084,2103,6182,0.004297994269341077
4689,2017-01-12,2103,2106,2081,2106,4326,0.0014265335235377208
4690,2017-01-13,2091,2121,2081,2116,3192,0.0047483380816715215
4691,2017-01-16,2115,2115,2078,2094,3033,-0.010396975425330801
4692,2017-01-17,2094,2100,2063,2064,8548,-0.014326647564469885
4693,2017-01-18,2081,2094,2051,2094,5558,0.014534883720930258
4694,2017-01-19,2094,2182,2072,2137,9815,0.020534861509073465
4695,2017-01-20,2124,2143,2094,2131,1383,-0.002807674309780017
4696,2017-01-23,2143,2173,2130,2131,4520,0.0
4697,2017-01-24,2100,2127,2091,2106,6013,-0.011731581417175008
4698,2017-01-25,2081,2161,2063,2067,7036,-0.01851851851851849
4699,2017-01-26,2094,2094,2045,2051,11215,-0.007740686985969969
4700,2017-01-31,2051,2051,2014,2018,12442,-0.016089712335446094
4701,2017-02-01,2002,2081,2002,2064,10464,0.02279484638255691
4702,2017-02-02,2035,2081,2035,2042,3246,-0.01065891472868219
4703,2017-02-03,2042,2042,2002,2018,11724,-0.01175318315377083
4704,2017-02-06,2063,2063,1990,2012,14677,-0.0029732408325073845
4705,2017-02-07,2014,2032,1996,2008,4917,-0.001988071570576566
4706,2017-02-08,2011,2029,1990,2008,4018,0.0
4707,2017-02-09,2002,2051,2002,2051,2618,0.021414342629482164
4708,2017-02-10,2051,2051,2002,2021,8525,-0.014627011214041974
4709,2017-02-13,2029,2048,2008,2021,12100,0.0
4710,2017-02-14,2014,2048,2014,2045,4807,0.01187530925284519
4711,2017-02-15,2057,2069,2045,2054,4731,0.004400977995109967
4712,2017-02-16,2069,2069,2039,2057,3991,0.0014605647517040854
4713,2017-02-17,2045,2081,2045,2082,12094,0.012153621779290136
4714,2017-02-20,2081,2094,2060,2085,5441,0.0014409221902016434
4715,2017-02-21,2100,2100,2072,2076,3203,-0.004316546762589968
4716,2017-02-22,2078,2100,2072,2088,9909,0.005780346820809301
4717,2017-02-23,2072,2088,2066,2073,5705,-0.007183908045977017
4718,2017-02-24,2112,2112,2045,2045,6257,-0.013506994693680663
4719,2017-02-27,2045,2078,2039,2051,15658,0.0029339853300733854
4720,2017-02-28,2042,2088,2042,2085,6980,0.016577279375914244
4721,2017-03-02,2097,2161,2084,2143,10429,0.027817745803357274
4722,2017-03-03,2173,2182,2094,2152,23775,0.0041997200186654204
4723,2017-03-06,2155,2222,2146,2204,24209,0.024163568773234223
4724,2017-03-07,2195,2302,2195,2223,23314,0.008620689655172376
4725,2017-03-08,2280,2280,2213,2238,20979,0.006747638326585648
4726,2017-03-09,2528,2577,2347,2354,104856,0.05183199285075957
4727,2017-03-10,2351,2415,2311,2370,20256,0.00679694137638065
4728,2017-03-13,2375,2443,2375,2437,16513,0.028270042194092904
4729,2017-03-14,2427,2443,2406,2437,7676,0.0
4730,2017-03-15,2418,2430,2369,2373,11669,-0.026261797291752154
4731,2017-03-16,2372,2405,2354,2382,10272,0.0037926675094817064
4732,2017-03-17,2430,2430,2359,2367,6138,-0.006297229219143552
4733,2017-03-20,2375,2388,2323,2327,10786,-0.01689902830587242
4734,2017-03-21,2381,2415,2329,2382,17315,0.023635582294800228
4735,2017-03-22,2336,2378,2336,2364,4456,-0.007556675062972307
4736,2017-03-23,2344,2427,2326,2419,18844,0.02326565143824033
4737,2017-03-24,2418,2421,2378,2403,12304,-0.006614303431169866
4738,2017-03-27,2366,2411,2357,2403,9665,0.0
4739,2017-03-28,2375,2408,2363,2388,11751,-0.006242197253433224
4740,2017-03-29,2363,2403,2351,2388,9604,0.0
4741,2017-03-30,2363,2403,2363,2382,4028,-0.002512562814070307
4742,2017-03-31,2366,2388,2351,2376,13071,-0.0025188916876573986
4743,2017-04-03,2378,2434,2372,2431,17909,0.02314814814814814
4744,2017-04-04,2427,2440,2402,2422,13475,-0.0037021801727683545
4745,2017-04-05,2427,2427,2402,2422,6801,0.0
4746,2017-04-06,2427,2430,2400,2410,5987,-0.0049545829892650994
4747,2017-04-07,2406,2421,2394,2413,6491,0.0012448132780082943
4748,2017-04-10,2412,2473,2406,2425,16887,0.004973062577704024
4749,2017-04-11,2403,2449,2388,2403,11988,-0.009072164948453643
4750,2017-04-12,2424,2430,2388,2406,7564,0.0012484394506866447
4751,2017-04-13,2406,2427,2391,2428,7523,0.009143807148794592
4752,2017-04-14,2400,2437,2397,2419,4751,-0.0037067545304777516
4753,2017-04-17,2418,2443,2406,2413,12130,-0.0024803637866886996
4754,2017-04-18,2434,2434,2400,2400,12569,-0.00538748445917947
4755,2017-04-19,2409,2421,2394,2410,13983,0.004166666666666652
4756,2017-04-20,2415,2437,2411,2428,19129,0.007468879668049766
4757,2017-04-21,2400,2513,2400,2514,61429,0.03542009884678743
4758,2017-04-24,0,0,0,2514,0,0.0
4759,2017-04-25,0,0,0,2514,0,0.0
4760,2017-04-26,0,0,0,2514,0,0.0
4761,2017-04-27,0,0,0,2514,0,0.0
4762,2017-04-28,0,0,0,2514,0,0.0
4763,2017-05-02,0,0,0,2514,0,0.0
4764,2017-05-04,0,0,0,2514,0,0.0
4765,2017-05-08,0,0,0,2514,0,0.0
4766,2017-05-10,0,0,0,2514,0,0.0
4767,2017-05-11,0,0,0,2514,0,0.0
4768,2017-05-12,0,0,0,2514,0,0.0
4769,2017-05-15,0,0,0,2514,0,0.0
4770,2017-05-16,0,0,0,2514,0,0.0
4771,2017-05-17,0,0,0,2514,0,0.0
4772,2017-05-18,2339,2430,2265,2284,1995859,-0.09148766905330152
4773,2017-05-19,2283,2339,2207,2256,390868,-0.012259194395796813
4774,2017-05-22,2250,2293,2167,2183,420441,-0.03235815602836878
4775,2017-05-23,2182,2192,2094,2125,618118,-0.02656894182317915
4776,2017-05-24,2127,2397,2112,2204,2150015,0.037176470588235366
4777,2017-05-25,2204,2265,2158,2207,511817,0.0013611615245008313
4778,2017-05-26,2241,2290,2186,2201,459404,-0.002718622564567341
4779,2017-05-29,2201,2225,2140,2152,400423,-0.0222626079054975
4780,2017-05-30,2158,2195,2124,2149,309872,-0.0013940520446096283
4781,2017-05-31,2146,2161,2103,2137,476762,-0.0055839925546765645
4782,2017-06-01,2155,2179,2118,2174,236123,0.017313991576977106
4783,2017-06-02,2176,2192,2152,2152,246449,-0.010119595216191324
4784,2017-06-05,2161,2182,2137,2149,211677,-0.0013940520446096283
4785,2017-06-07,2149,2158,2137,2152,177339,0.0013959981386690856
4786,2017-06-08,2158,2216,2149,2201,236747,0.022769516728624595
4787,2017-06-09,2204,2216,2179,2183,145791,-0.008178100863243998
4788,2017-06-12,2170,2213,2149,2180,162830,-0.0013742556115436955
4789,2017-06-13,2179,2198,2143,2171,123315,-0.004128440366972463
4790,2017-06-14,2158,2235,2158,2217,214346,0.021188392445877557
4791,2017-06-15,2216,2225,2164,2186,169848,-0.013982859720342855
4792,2017-06-16,2186,2210,2170,2201,140884,0.006861848124428249
4793,2017-06-19,2176,2195,2161,2168,234024,-0.014993184915947255
4794,2017-06-20,2161,2216,2155,2204,148451,0.016605166051660625
4795,2017-06-21,2225,2225,2164,2165,70523,-0.017695099818511806
4796,2017-06-22,2164,2170,2155,2158,85806,-0.0032332563510392154
4797,2017-06-23,2158,2167,2143,2146,99017,-0.005560704355885071
4798,2017-06-26,2170,2170,2097,2106,169253,-0.018639328984156545
4799,2017-06-27,2100,2121,2094,2113,51032,0.003323836657169954
4800,2017-06-28,2094,2137,2094,2094,114105,-0.008991954566966442
4801,2017-06-29,2081,2112,2081,2085,87597,-0.004297994269340966
4802,2017-06-30,2084,2140,2084,2106,43366,0.010071942446043147
4803,2017-07-03,2100,2137,2100,2128,83327,0.010446343779677125
4804,2017-07-04,2127,2133,2048,2091,135015,-0.017387218045112784
4805,2017-07-05,2094,2100,2057,2076,56525,-0.00717360114777621
4806,2017-07-06,2094,2103,2054,2070,76688,-0.0028901734104046506
4807,2017-07-07,2057,2094,2057,2073,56414,0.0014492753623187582
4808,2017-07-10,2081,2097,1990,1990,145534,-0.040038591413410485
4809,2017-07-11,1950,1977,1928,1941,281569,-0.02462311557788943
4810,2017-07-12,1922,1977,1922,1959,55188,0.009273570324574987
4811,2017-07-13,1959,1959,1919,1920,131664,-0.019908116385911168
4812,2017-07-14,1941,1941,1867,1923,111107,0.0015624999999999112
4813,2017-07-17,1922,1938,1898,1935,143093,0.006240249609984483
4814,2017-07-18,1944,2011,1916,1975,66689,0.02067183462532296
4815,2017-07-19,1993,1996,1925,1959,115212,-0.008101265822784809
4816,2017-07-20,1965,1965,1934,1941,31994,-0.009188361408882129
4817,2017-07-21,1941,1959,1931,1947,22539,0.0030911901081915882
4818,2017-07-24,1956,1956,1895,1898,223046,-0.025166923472008218
4819,2017-07-25,1904,1919,1876,1898,262122,0.0
4820,2017-07-26,1898,1910,1843,1865,268238,-0.01738672286617493
4821,2017-07-27,1885,1885,1791,1806,439952,-0.031635388739946424
4822,2017-07-28,1818,1827,1751,1770,205638,-0.019933554817275767
4823,2017-07-31,1784,1809,1754,1809,103625,0.02203389830508473
4824,2017-08-01,1781,1818,1781,1806,72280,-0.0016583747927031434
4825,2017-08-02,1800,1830,1800,1819,110796,0.007198228128460604
4826,2017-08-03,1849,1849,1739,1782,173717,-0.02034084661902147
4827,2017-08-04,1791,1800,1745,1788,175681,0.0033670033670034627
4828,2017-08-07,1778,1809,1760,1806,92769,0.010067114093959662
4829,2017-08-08,1809,1827,1781,1797,45467,-0.004983388704318914
4830,2017-08-09,1821,1827,1766,1776,82931,-0.011686143572620988
4831,2017-08-10,1775,1797,1754,1767,52902,-0.0050675675675675436
4832,2017-08-11,1745,1781,1702,1711,192410,-0.03169213355970568
4833,2017-08-14,1705,1717,1641,1702,266369,-0.005260081823495022
4834,2017-08-16,1714,1717,1634,1653,288717,-0.028789659224441877
4835,2017-08-17,1641,1659,1604,1613,203797,-0.024198427102238407
4836,2017-08-18,1598,1708,1598,1687,332611,0.04587724736515808
4837,2017-08-21,1690,1696,1653,1659,59017,-0.016597510373444035
4838,2017-08-22,1659,1693,1650,1684,135379,0.015069318866787196
4839,2017-08-23,1677,1723,1671,1718,124982,0.020190023752969077
4840,2017-08-24,1696,1735,1696,1727,124524,0.0052386495925493826
4841,2017-08-25,1705,1800,1705,1764,160496,0.021424435437174205
4842,2017-08-28,1754,1815,1745,1779,204305,0.008503401360544283
4843,2017-08-29,1748,1791,1742,1745,73693,-0.019111860595840358
4844,2017-08-30,1742,1754,1683,1684,122980,-0.03495702005730661
4845,2017-08-31,1696,1699,1619,1638,306262,-0.027315914489311144
4846,2017-09-01,1637,1641,1570,1586,421799,-0.031746031746031744
4847,2017-09-04,1527,1552,1515,1522,366411,-0.04035308953341743
4848,2017-09-05,1521,1540,1494,1537,136118,0.009855453350854138
4849,2017-09-06,1530,1619,1494,1522,733221,-0.009759271307742345
4850,2017-09-07,1549,1549,1500,1500,192407,-0.014454664914586024
4851,2017-09-08,1518,1530,1432,1457,298270,-0.028666666666666618
4852,2017-09-11,1457,1457,1389,1396,286231,-0.04186684969114618
4853,2017-09-12,1408,1432,1389,1430,78181,0.024355300859598916
4854,2017-09-13,1417,1451,1411,1411,148875,-0.01328671328671327
4855,2017-09-14,1414,1423,1374,1387,252067,-0.01700921332388372
4856,2017-09-15,1389,1426,1350,1427,271136,0.02883922134102379
4857,2017-09-18,1426,1426,1393,1421,161304,-0.0042046250875963365
4858,2017-09-19,1423,1438,1399,1439,121877,0.012667135819845132
4859,2017-09-20,1423,1448,1408,1430,177847,-0.006254343293954134
4860,2017-09-21,1438,1438,1380,1390,251960,-0.027972027972028024
4861,2017-09-22,1371,1393,1310,1317,253247,-0.052517985611510776
4862,2017-09-25,1292,1319,1224,1255,383575,-0.047076689445709974
4863,2017-09-26,1221,1288,1221,1274,387663,0.015139442231075773
4864,2017-09-27,1273,1331,1273,1323,95834,0.03846153846153855
4865,2017-09-28,1328,1353,1319,1353,118729,0.0226757369614512
4866,2017-09-29,1368,1393,1353,1393,115468,0.029563932002956372
4867,2017-10-10,1380,1405,1365,1393,100075,0.0
4868,2017-10-11,1380,1451,1380,1430,151428,0.026561378320172357
4869,2017-10-12,1420,1451,1405,1430,89055,0.0
4870,2017-10-13,1423,1445,1393,1402,103957,-0.01958041958041956
4871,2017-10-16,1420,1448,1393,1418,91000,0.011412268188302432
4872,2017-10-17,1417,1442,1402,1411,162909,-0.0049365303244005565
4873,2017-10-18,1396,1432,1353,1393,121842,-0.01275690999291279
4874,2017-10-19,1393,1435,1393,1430,36245,0.026561378320172357
4875,2017-10-20,1405,1484,1405,1460,102611,0.020979020979021046
4876,2017-10-23,1460,1500,1442,1485,154068,0.017123287671232834
4877,2017-10-24,1481,1500,1469,1488,47410,0.002020202020202033
4878,2017-10-25,1475,1506,1442,1482,66450,-0.0040322580645161255
4879,2017-10-26,1481,1481,1414,1421,122587,-0.04116059379217274
4880,2017-10-27,1445,1451,1417,1451,138972,0.02111189303307537
4881,2017-10-30,1448,1454,1411,1439,116325,-0.008270158511371473
4882,2017-10-31,1432,1457,1426,1442,96494,0.0020847810979847115
4883,2017-11-01,1442,1463,1429,1454,72017,0.00832177531206657
4884,2017-11-02,1457,1469,1442,1460,81753,0.004126547455295837
4885,2017-11-03,1469,1469,1448,1460,37075,0.0
4886,2017-11-06,1460,1466,1432,1442,76575,-0.012328767123287676
4887,2017-11-07,1429,1451,1414,1439,126831,-0.0020804438280166426
4888,2017-11-08,1432,1454,1411,1427,100364,-0.008339124391938846
4889,2017-11-09,1567,1723,1475,1531,5152466,0.07288016818500354
4890,2017-11-10,1564,1818,1500,1678,4195572,0.0960156760287394
4891,2017-11-13,1650,1705,1579,1659,1226069,-0.011323003575685386
4892,2017-11-14,1659,1677,1595,1598,707651,-0.03676913803496085
4893,2017-11-15,1573,1595,1533,1571,669069,-0.01689612015018771
4894,2017-11-16,1588,1619,1546,1586,387722,0.00954805856142582
4895,2017-11-17,1585,1628,1558,1626,403835,0.02522068095838592
4896,2017-11-20,1625,1665,1610,1610,507822,-0.009840098400983988
4897,2017-11-21,1598,1634,1549,1589,394636,-0.013043478260869601
4898,2017-11-22,1616,1619,1555,1568,211887,-0.013215859030836996
4899,2017-11-23,1567,1622,1555,1592,186873,0.015306122448979664
4900,2017-11-24,1592,1653,1588,1644,319185,0.03266331658291466
4901,2017-11-27,1653,1659,1607,1620,221235,-0.014598540145985384
4902,2017-11-28,1637,1699,1607,1669,497259,0.030246913580247003
4903,2017-11-29,1671,1677,1622,1626,248083,-0.025763930497303744
4904,2017-11-30,1625,1656,1604,1607,155103,-0.011685116851168464
4905,2017-12-01,1625,1628,1592,1610,187681,0.0018668326073427721
4906,2017-12-04,1598,1610,1570,1571,198545,-0.024223602484472084
4907,2017-12-05,1570,1628,1567,1607,160151,0.02291534054742206
4908,2017-12-06,1622,1628,1530,1574,231045,-0.020535158680771604
4909,2017-12-07,1573,1582,1503,1540,254127,-0.021601016518424387
4910,2017-12-08,1540,1558,1509,1531,150710,-0.005844155844155874
4911,2017-12-11,1518,1564,1518,1531,111625,0.0
4912,2017-12-12,1530,1555,1494,1503,142198,-0.018288700195950414
4913,2017-12-13,1503,1521,1491,1503,74482,0.0
4914,2017-12-14,1503,1527,1500,1500,89881,-0.001996007984031989
4915,2017-12-15,1521,1536,1417,1519,247612,0.012666666666666604
4916,2017-12-18,1521,1696,1515,1623,888970,0.06846609611586563
4917,2017-12-19,1598,1619,1543,1568,235077,-0.033887861983980305
4918,2017-12-20,1555,1634,1530,1568,181309,0.0
4919,2017-12-21,1579,1634,1512,1635,337417,0.04272959183673475
4920,2017-12-22,1647,1650,1598,1632,209737,-0.0018348623853210455
4921,2017-12-26,1631,1631,1564,1574,139525,-0.035539215686274495
4922,2017-12-27,1573,1616,1540,1592,122293,0.011435832274459878
4923,2017-12-28,1601,1616,1579,1604,78933,0.007537688442211143
4924,2018-01-02,1604,1613,1536,1574,169148,-0.018703241895261846
4925,2018-01-03,1595,1601,1573,1592,114185,0.011435832274459878
4926,2018-01-04,1592,1601,1552,1552,140190,-0.025125628140703515
4927,2018-01-05,1552,1582,1536,1571,145789,0.01224226804123707
4928,2018-01-08,1567,1579,1497,1543,263895,-0.017823042647994947
4929,2018-01-09,1598,1601,1564,1592,171173,0.03175631885936481
4930,2018-01-10,1613,1674,1601,1647,602064,0.03454773869346739
4931,2018-01-11,1665,1680,1616,1647,242169,0.0
4932,2018-01-12,1644,1662,1601,1656,271473,0.005464480874316946
4933,2018-01-15,1665,1705,1634,1659,274974,0.0018115942028984477
4934,2018-01-16,1659,1702,1634,1687,290621,0.016877637130801704
4935,2018-01-17,1668,1693,1659,1672,139823,-0.00889152341434496
4936,2018-01-18,1659,1671,1616,1617,206464,-0.03289473684210531
4937,2018-01-19,1622,1696,1619,1681,227011,0.039579468150896746
4938,2018-01-22,1693,1702,1659,1662,189621,-0.01130279595478878
4939,2018-01-23,1671,1690,1634,1644,209391,-0.010830324909747335
4940,2018-01-24,1653,1677,1637,1675,131621,0.018856447688564426
4941,2018-01-25,1674,1735,1674,1733,426095,0.03462686567164175
4942,2018-01-26,1735,1742,1696,1730,260779,-0.0017311021350259193
4943,2018-01-29,1748,1809,1726,1779,472295,0.02832369942196533
4944,2018-01-30,1781,1833,1760,1782,405791,0.001686340640809414
4945,2018-01-31,1775,1775,1714,1721,238048,-0.034231200897867575
4946,2018-02-01,1726,1763,1714,1715,229201,-0.0034863451481697005
4947,2018-02-02,1714,1732,1699,1715,166690,0.0
4948,2018-02-05,1690,1699,1644,1662,187487,-0.03090379008746358
4949,2018-02-06,1610,1705,1561,1678,320252,0.00962695547533099
4950,2018-02-07,1702,1726,1601,1623,166514,-0.03277711561382601
4951,2018-02-08,1634,1650,1613,1638,120110,0.009242144177449063
4952,2018-02-09,1604,1625,1592,1610,64339,-0.017094017094017144
4953,2018-02-12,1613,1628,1552,1574,258892,-0.022360248447204967
4954,2018-02-13,1588,1604,1573,1580,54274,0.003811944091486552
4955,2018-02-14,1567,1601,1558,1571,64969,-0.0056962025316456
4956,2018-02-19,1592,1607,1576,1589,60931,0.01145767027371103
4957,2018-02-20,1588,1613,1588,1595,31717,0.0037759597230961894
4958,2018-02-21,1582,1693,1579,1644,200241,0.0307210031347962
4959,2018-02-22,1631,1662,1619,1626,54465,-0.010948905109489093
4960,2018-02-23,1625,1656,1619,1638,50308,0.007380073800737907
4961,2018-02-26,1641,1647,1607,1629,105455,-0.005494505494505475
4962,2018-02-27,1607,1622,1564,1586,180687,-0.02639656230816456
4963,2018-02-28,1567,1592,1549,1558,146891,-0.017654476670870167
4964,2018-03-02,1558,1576,1546,1565,55096,0.00449293966623876
4965,2018-03-05,1549,1573,1546,1568,61673,0.00191693290734829
4966,2018-03-06,1552,1579,1552,1555,62190,-0.008290816326530615
4967,2018-03-07,1536,1579,1524,1525,107698,-0.019292604501607746
4968,2018-03-08,1521,1546,1515,1531,82242,0.003934426229508237
4969,2018-03-09,1524,1552,1521,1552,63716,0.013716525146962866
4970,2018-03-12,1561,1595,1549,1580,90921,0.018041237113401998
4971,2018-03-13,1579,1579,1549,1552,43764,-0.017721518987341756
4972,2018-03-14,1552,1558,1540,1546,38752,-0.0038659793814432852
4973,2018-03-15,1555,1564,1524,1540,48349,-0.0038809831824062613
4974,2018-03-16,1555,1564,1521,1549,108676,0.005844155844155763
4975,2018-03-19,1549,1588,1515,1589,93148,0.0258231116849581
4976,2018-03-20,1582,1588,1543,1543,44070,-0.028949024543738155
4977,2018-03-21,1543,1558,1500,1509,88212,-0.022034996759559333
4978,2018-03-22,1494,1515,1481,1485,88557,-0.015904572564612307
4979,2018-03-23,1463,1487,1435,1436,115040,-0.032996632996633024
4980,2018-03-26,1435,1466,1417,1430,59594,-0.004178272980501441
4981,2018-03-27,1429,1463,1423,1424,61087,-0.004195804195804231
4982,2018-03-28,1423,1442,1377,1381,115993,-0.030196629213483095
4983,2018-03-29,1380,1408,1380,1387,54469,0.004344677769732019
4984,2018-03-30,1399,1438,1383,1402,43883,0.010814708002883977
4985,2018-04-02,1420,1457,1414,1445,50102,0.030670470756062773
4986,2018-04-03,1445,1463,1438,1463,51789,0.01245674740484426
4987,2018-04-04,1466,1475,1438,1451,47158,-0.008202323991797655
4988,2018-04-05,1438,1466,1426,1448,81024,-0.002067539627842896
4989,2018-04-06,1448,1448,1402,1421,61756,-0.018646408839778972
4990,2018-04-09,1396,1426,1386,1408,57096,-0.009148486980999349
4991,2018-04-10,1380,1414,1377,1390,71945,-0.01278409090909094
4992,2018-04-11,1411,1414,1377,1393,51026,0.0021582733812950394
4993,2018-04-12,1426,1442,1383,1399,39755,0.004307250538406304
4994,2018-04-13,1386,1408,1371,1375,62807,-0.01715511079342391
4995,2018-04-16,1368,1380,1356,1372,65670,-0.0021818181818181737
4996,2018-04-17,1362,1417,1359,1384,99271,0.008746355685131268
4997,2018-04-18,1399,1417,1386,1396,53752,0.00867052023121384
4998,2018-04-19,1408,1408,1383,1399,38622,0.0021489971346704273
4999,2018-04-20,1408,1448,1402,1442,50738,0.030736240171551188
5000,2018-04-23,1432,1500,1429,1482,98690,0.0277392510402219
5001,2018-04-24,1481,1503,1451,1470,48587,-0.0080971659919028
5002,2018-04-25,1469,1484,1408,1411,72676,-0.04013605442176871
5003,2018-04-26,1405,1420,1405,1418,18522,0.0049610205527994555
5004,2018-04-27,1417,1432,1402,1408,31042,-0.007052186177715081
5005,2018-04-30,1396,1411,1322,1369,236547,-0.027698863636363646
5006,2018-05-02,1368,1368,1334,1344,90584,-0.018261504747991264
5007,2018-05-03,1347,1383,1337,1359,75868,0.01116071428571419
5008,2018-05-04,1365,1386,1356,1375,86895,0.011773362766740236
5009,2018-05-08,1365,1383,1319,1350,150690,-0.018181818181818188
5010,2018-05-09,1353,1359,1337,1353,104939,0.0022222222222221255
5011,2018-05-10,1362,1371,1337,1365,24501,0.008869179600886845
5012,2018-05-11,1365,1383,1365,1378,68451,0.00952380952380949
5013,2018-05-14,1368,1386,1359,1372,67747,-0.004354136429608135
5014,2018-05-15,1362,1386,1362,1378,51426,0.004373177842565523
5015,2018-05-16,1359,1386,1344,1378,64803,0.0
5016,2018-05-17,1377,1448,1368,1411,172111,0.02394775036284469
5017,2018-05-18,1408,1435,1408,1424,118869,0.009213323883770386
5018,2018-05-21,1417,1457,1405,1454,124139,0.02106741573033699
5019,2018-05-23,1442,1457,1371,1375,216418,-0.054332874828060485
5020,2018-05-24,1374,1408,1344,1372,106397,-0.0021818181818181737
5021,2018-05-25,1365,1371,1310,1326,161221,-0.03352769679300294
5022,2018-05-28,1325,1341,1310,1329,59615,0.002262443438914019
5023,2018-05-29,1334,1347,1307,1317,115702,-0.009029345372460473
5024,2018-05-30,1301,1322,1301,1317,65714,0.0
5025,2018-05-31,1316,1371,1307,1335,58130,0.013667425968109326
5026,2018-06-01,1337,1393,1310,1362,256432,0.020224719101123556
5027,2018-06-04,1347,1423,1347,1387,146196,0.018355359765051427
5028,2018-06-05,1368,1408,1368,1402,84017,0.010814708002883977
5029,2018-06-07,1396,1420,1380,1418,95476,0.011412268188302432
5030,2018-06-08,1396,1411,1386,1396,29100,-0.015514809590973178
5031,2018-06-11,1402,1417,1377,1408,89234,0.008595988538681931
5032,2018-06-12,1405,1420,1374,1408,113005,0.0
5033,2018-06-14,1389,1411,1371,1372,37682,-0.025568181818181768
5034,2018-06-15,1396,1396,1350,1375,50014,0.0021865889212828726
5035,2018-06-18,1393,1393,1331,1335,73332,-0.029090909090909056
5036,2018-06-19,1353,1356,1304,1332,91927,-0.0022471910112359383
5037,2018-06-20,1304,1353,1304,1341,25111,0.006756756756756799
5038,2018-06-21,1331,1347,1304,1304,56425,-0.027591349739000792
5039,2018-06-22,1328,1368,1285,1307,60881,0.0023006134969325576
5040,2018-06-25,1316,1347,1270,1320,114444,0.009946442234123998
5041,2018-06-26,1325,1325,1298,1317,32310,-0.002272727272727315
5042,2018-06-27,1304,1328,1288,1292,31023,-0.018982536066818545
5043,2018-06-28,1292,1313,1270,1304,25287,0.009287925696594534
5044,2018-06-29,1295,1310,1282,1298,9377,-0.004601226993865004
5045,2018-07-02,1310,1310,1264,1264,62861,-0.026194144838212585
5046,2018-07-03,1292,1292,1215,1283,85648,0.015031645569620222
5047,2018-07-04,1258,1282,1255,1258,35406,-0.019485580670303926
5048,2018-07-05,1249,1273,1224,1240,118495,-0.014308426073131986
5049,2018-07-06,1270,1285,1221,1252,64882,0.00967741935483879
5050,2018-07-09,1243,1270,1233,1234,57383,-0.014376996805111841
5051,2018-07-10,1270,1270,1233,1252,28255,0.014586709886547755
5052,2018-07-11,1243,1270,1236,1249,22742,-0.0023961661341852514
5053,2018-07-12,1236,1270,1236,1261,53521,0.009607686148919159
5054,2018-07-13,1273,1316,1255,1277,68732,0.012688342585249757
5055,2018-07-16,1295,1328,1255,1268,82576,-0.007047768206734584
5056,2018-07-17,1270,1322,1270,1295,64041,0.021293375394321856
5057,2018-07-18,1298,1310,1267,1277,51010,-0.013899613899613916
5058,2018-07-19,1267,1292,1261,1277,32069,0.0
5059,2018-07-20,1276,1313,1267,1283,114371,0.00469851213782313
5060,2018-07-23,1282,1285,1218,1237,102002,-0.03585346843335935
5061,2018-07-24,1236,1270,1233,1249,44994,0.009700889248181133
5062,2018-07-25,1252,1273,1243,1243,35096,-0.0048038430744595795
5063,2018-07-26,1267,1270,1243,1255,26639,0.0096540627514079
5064,2018-07-27,1273,1273,1249,1274,14804,0.015139442231075773
5065,2018-07-30,1252,1276,1246,1258,7164,-0.012558869701726816
5066,2018-07-31,1246,1310,1246,1274,11141,0.012718600953895098
5067,2018-08-01,1261,1279,1261,1268,10279,-0.004709576138147598
5068,2018-08-02,1267,1282,1239,1249,34512,-0.014984227129337557
5069,2018-08-03,1258,1267,1239,1249,37846,0.0
5070,2018-08-06,1255,1307,1255,1289,39330,0.03202562049639712
5071,2018-08-07,1273,1301,1273,1295,13571,0.004654771140419012
5072,2018-08-08,1292,1310,1292,1301,18243,0.004633204633204713
5073,2018-08-09,1298,1307,1276,1286,37036,-0.01152959262106068
5074,2018-08-10,1298,1325,1285,1307,42906,0.016329704510108956
5075,2018-08-13,1316,1316,1276,1286,14480,-0.016067329762815663
5076,2018-08-14,1285,1292,1279,1289,14864,0.00233281493001547
5077,2018-08-16,1288,1337,1279,1332,106432,0.0333591931730024
5078,2018-08-17,1322,1350,1310,1332,71227,0.0
5079,2018-08-20,1328,1353,1325,1350,91791,0.013513513513513598
5080,2018-08-21,1331,1383,1331,1375,162268,0.0185185185185186
5081,2018-08-22,1371,1435,1371,1433,171675,0.0421818181818181
5082,2018-08-23,1432,1442,1411,1411,30432,-0.01535240753663647
5083,2018-08-24,1426,1426,1393,1408,28081,-0.002126151665485465
5084,2018-08-27,1408,1435,1393,1430,46256,0.015625
5085,2018-08-28,1435,1435,1393,1393,41640,-0.025874125874125853
5086,2018-08-29,1393,1414,1386,1408,8192,0.01076812634601576
5087,2018-08-30,1408,1435,1396,1411,42912,0.0021306818181818787
5088,2018-08-31,1429,1429,1389,1399,25552,-0.00850460666194186
5089,2018-09-03,1389,1420,1386,1396,14201,-0.0021443888491780028
5090,2018-09-04,1389,1411,1383,1408,70337,0.008595988538681931
5091,2018-09-05,1399,1405,1386,1402,50916,-0.0042613636363636465
5092,2018-09-06,1393,1402,1380,1399,44734,-0.002139800285306692
5093,2018-09-07,1402,1402,1386,1402,15963,0.0021443888491778917
5094,2018-09-10,1402,1408,1386,1399,18517,-0.002139800285306692
5095,2018-09-11,1408,1408,1386,1399,12384,0.0
5096,2018-09-12,1408,1408,1386,1396,31910,-0.0021443888491780028
5097,2018-09-13,1399,1402,1383,1393,7886,-0.0021489971346705383
5098,2018-09-14,1399,1417,1393,1414,145623,0.015075376884422065
5099,2018-09-17,1414,1420,1402,1411,30099,-0.0021216407355021394
5100,2018-09-18,1402,1460,1402,1460,122981,0.03472714386959597
5101,2018-09-19,1460,1463,1423,1445,72119,-0.010273972602739767
5102,2018-09-20,1438,1454,1423,1448,46040,0.0020761245674740803
5103,2018-09-21,1445,1448,1429,1439,13212,-0.006215469613259694
5104,2018-09-27,1423,1451,1402,1439,65746,0.0
5105,2018-09-28,1438,1438,1408,1433,15842,-0.004169562195969423
5106,2018-10-01,1426,1432,1399,1399,27929,-0.023726448011165413
5107,2018-10-02,1399,1417,1383,1384,18241,-0.010721944245889903
5108,2018-10-04,1411,1411,1353,1372,27952,-0.00867052023121384
5109,2018-10-05,1377,1389,1307,1338,30566,-0.02478134110787167
5110,2018-10-08,1325,1350,1322,1335,31372,-0.0022421524663677195
5111,2018-10-10,1313,1334,1264,1301,55553,-0.025468164794007486
5112,2018-10-11,1273,1273,1212,1219,68227,-0.06302843966179861
5113,2018-10-12,1194,1292,1194,1215,55307,-0.003281378178835115
5114,2018-10-15,1218,1230,1197,1209,51043,-0.004938271604938316
5115,2018-10-16,1194,1218,1181,1206,35391,-0.002481389578163795
5116,2018-10-17,1209,1249,1203,1222,42317,0.013266998341625147
5117,2018-10-18,1206,1224,1200,1215,67694,-0.005728314238952592
5118,2018-10-19,1203,1224,1154,1166,171926,-0.04032921810699586
5119,2018-10-22,1163,1172,1148,1170,82757,0.0034305317324185847
5120,2018-10-23,1151,1172,1114,1114,48236,-0.047863247863247915
5121,2018-10-24,1132,1135,1096,1096,52696,-0.016157989228007152
5122,2018-10-25,1050,1080,1050,1062,39836,-0.031021897810219023
5123,2018-10-26,1062,1099,1044,1056,105566,-0.005649717514124242
5124,2018-10-29,1047,1062,1016,1020,80415,-0.03409090909090906
5125,2018-10-30,906,1056,906,1056,77855,0.03529411764705892
5126,2018-10-31,1077,1102,1059,1093,32133,0.035037878787878896
5127,2018-11-01,1138,1175,1117,1136,17951,0.03934126258005488
5128,2018-11-02,1117,1163,1108,1163,13702,0.023767605633802757
5129,2018-11-05,1163,1334,1135,1182,416748,0.016337059329320613
5130,2018-11-06,1261,1261,1200,1222,192663,0.03384094754653133
5131,2018-11-07,1221,1246,1190,1209,66747,-0.010638297872340385
5132,2018-11-08,1224,1239,1194,1212,20202,0.002481389578163684
5133,2018-11-09,1209,1224,1178,1219,36080,0.005775577557755707
5134,2018-11-12,1212,1212,1117,1139,56950,-0.06562756357670219
5135,2018-11-13,1126,1154,1086,1136,68582,-0.0026338893766462146
5136,2018-11-14,1135,1169,1080,1111,137442,-0.022007042253521125
5137,2018-11-15,1111,1166,1108,1127,60542,0.014401440144014455
5138,2018-11-16,1141,1145,1111,1127,70316,0.0
5139,2018-11-19,1145,1163,1123,1157,20190,0.02661934338952965
5140,2018-11-20,1157,1157,1096,1151,161912,-0.0051858254105444646
5141,2018-11-21,1138,1138,1111,1127,14600,-0.020851433536055564
5142,2018-11-22,1126,1126,1074,1078,83976,-0.04347826086956519
5143,2018-11-23,1077,1096,1040,1050,69350,-0.025974025974025983
5144,2018-11-26,1047,1068,1040,1069,88486,0.018095238095238164
5145,2018-11-27,1077,1077,1040,1072,22022,0.00280636108512633
5146,2018-11-28,1071,1099,1050,1096,38588,0.02238805970149249
5147,2018-11-29,1096,1105,1080,1102,19321,0.005474452554744547
5148,2018-11-30,1102,1111,1093,1102,31263,0.0
5149,2018-12-03,1102,1135,1096,1118,32304,0.014519056261343088
5150,2018-12-04,1129,1129,1105,1121,3999,0.0026833631484795006
5151,2018-12-05,1108,1120,1074,1087,80024,-0.030330062444246186
5152,2018-12-06,1117,1117,1059,1093,45983,0.005519779208831732
5153,2018-12-07,1105,1105,1068,1084,32239,-0.008234217749313766
5154,2018-12-10,1065,1096,1047,1047,61252,-0.03413284132841332
5155,2018-12-11,1077,1077,1044,1050,16597,0.002865329512893977
5156,2018-12-12,1062,1114,1044,1096,34568,0.04380952380952374
5157,2018-12-13,1096,1120,1040,1075,48554,-0.019160583941605802
5158,2018-12-14,1074,1129,1065,1118,86540,0.040000000000000036
5159,2018-12-17,1135,1135,1071,1118,54298,0.0
5160,2018-12-18,1114,1114,1093,1108,52217,-0.008944543828264706
5161,2018-12-19,1096,1129,1096,1114,31161,0.005415162454873723
5162,2018-12-20,1114,1123,1093,1105,18688,-0.008078994614003632
5163,2018-12-21,1102,1111,1089,1111,21766,0.005429864253393646
5164,2018-12-24,1093,1114,1089,1108,28217,-0.0027002700270026825
5165,2018-12-26,1102,1120,1071,1121,72522,0.011732851985559511
5166,2018-12-27,1099,1270,1099,1209,672036,0.07850133809099025
5167,2018-12-28,1209,1267,1206,1261,175248,0.043010752688172005
5168,2019-01-02,1276,1276,1221,1249,101990,-0.009516256938937317
5169,2019-01-03,1233,1276,1233,1271,52910,0.017614091273018495
5170,2019-01-04,1227,1273,1227,1268,39778,-0.002360346184106965
5171,2019-01-07,1273,1282,1255,1271,45005,0.0023659305993690705
5172,2019-01-08,1282,1457,1246,1264,1125607,-0.0055074744295829925
5173,2019-01-09,1282,1337,1273,1332,134029,0.053797468354430444
5174,2019-01-10,1337,1399,1325,1326,142889,-0.0045045045045044585
5175,2019-01-11,1325,1374,1325,1332,95494,0.004524886877828038
5176,2019-01-14,1316,1374,1316,1320,108334,-0.009009009009009028
5177,2019-01-15,1341,1426,1322,1390,388191,0.05303030303030298
5178,2019-01-16,1383,1414,1350,1378,87268,-0.008633093525179825
5179,2019-01-17,1374,1374,1310,1335,123414,-0.031204644412191618
5180,2019-01-18,1331,1368,1310,1341,93218,0.004494382022471877
5181,2019-01-21,1341,1359,1322,1347,32732,0.004474272930648837
5182,2019-01-22,1359,1389,1359,1378,46814,0.023014105419450592
5183,2019-01-23,1380,1386,1359,1369,26002,-0.006531204644412147
5184,2019-01-24,1374,1386,1359,1369,39030,0.0
5185,2019-01-25,1368,1386,1362,1369,39682,0.0
5186,2019-01-28,1368,1393,1344,1350,67809,-0.013878743608473298
5187,2019-01-29,1368,1371,1310,1323,65985,-0.020000000000000018
5188,2019-01-30,1344,1344,1310,1335,30824,0.009070294784580435
5189,2019-01-31,1334,1334,1273,1274,89496,-0.04569288389513104
5190,2019-02-01,1285,1301,1255,1258,64896,-0.012558869701726816
5191,2019-02-07,1258,1298,1243,1258,104250,0.0
5192,2019-02-08,1258,1279,1255,1261,41955,0.0023847376788552754
5193,2019-02-11,1264,1267,1246,1252,53369,-0.007137192704202988
5194,2019-02-12,1246,1285,1243,1268,44327,0.012779552715654896
5195,2019-02-13,1282,1292,1255,1286,35038,0.014195583596214423
5196,2019-02-14,1292,1292,1267,1286,30190,0.0
5197,2019-02-15,1285,1285,1252,1261,37781,-0.019440124416796323
5198,2019-02-18,1258,1279,1249,1258,22824,-0.0023790642347343294
5199,2019-02-19,1264,1267,1236,1249,39446,-0.007154213036565937
5200,2019-02-20,1249,1270,1249,1264,44866,0.012009607686148893
5201,2019-02-21,1285,1285,1249,1252,103664,-0.009493670886076
5202,2019-02-22,1267,1270,1243,1249,52766,-0.0023961661341852514
5203,2019-02-25,1267,1285,1264,1277,62436,0.022417934347477964
5204,2019-02-26,1276,1282,1258,1280,22966,0.002349256068911565
5205,2019-02-27,1279,1298,1264,1286,69315,0.004687499999999956
5206,2019-02-28,1285,1292,1255,1271,154306,-0.011664074650077794
5207,2019-03-04,1270,1301,1261,1301,41055,0.023603461841070095
5208,2019-03-05,1298,1304,1252,1301,100566,0.0
5209,2019-03-06,1304,1344,1301,1341,101720,0.030745580322828703
5210,2019-03-07,1316,1359,1316,1347,95316,0.004474272930648837
5211,2019-03-08,1347,1359,1319,1347,71516,0.0
5212,2019-03-11,1347,1442,1344,1424,340835,0.05716406829992571
5213,2019-03-12,1445,1457,1423,1433,224242,0.006320224719101208
5214,2019-03-13,1420,1442,1350,1411,59549,-0.01535240753663647
5215,2019-03-14,1411,1426,1396,1408,81698,-0.002126151665485465
5216,2019-03-15,1438,1438,1334,1350,106132,-0.04119318181818177
5217,2019-03-18,1359,1414,1359,1390,78540,0.029629629629629672
5218,2019-03-19,1393,1454,1393,1439,552325,0.035251798561151126
5219,2019-03-20,1429,1442,1405,1427,146519,-0.008339124391938846
5220,2019-03-21,1405,1426,1383,1390,112823,-0.02592852137351087
5221,2019-03-22,1383,1402,1356,1365,115767,-0.017985611510791366
5222,2019-03-25,1365,1383,1341,1378,103064,0.00952380952380949
5223,2019-03-26,1368,1457,1368,1457,605061,0.05732946298984043
5224,2019-03-27,1448,1451,1377,1378,277793,-0.05422100205902536
5225,2019-03-28,1374,1396,1310,1310,160052,-0.04934687953555883
5226,2019-03-29,1325,1328,1270,1274,109675,-0.027480916030534375
5227,2019-04-01,1273,1310,1267,1289,53245,0.011773940345368938
5228,2019-04-02,1307,1307,1276,1304,43507,0.011636927851047307
5229,2019-04-03,1285,1316,1285,1304,17243,0.0
5230,2019-04-04,1304,1328,1292,1323,27049,0.014570552147239235
5231,2019-04-05,1325,1337,1316,1338,29760,0.01133786848072571
5232,2019-04-08,1341,1383,1331,1375,105175,0.027653213751868355
5233,2019-04-09,1365,1383,1344,1378,90053,0.0021818181818182847
5234,2019-04-10,1383,1383,1331,1347,68357,-0.022496371552975347
5235,2019-04-11,1344,1380,1344,1378,23370,0.023014105419450592
5236,2019-04-12,1426,1448,1380,1402,126318,0.01741654571843254
5237,2019-04-15,1408,1408,1380,1396,40931,-0.004279600570613384
5238,2019-04-16,1396,1402,1350,1378,64714,-0.012893982808022897
5239,2019-04-17,1377,1383,1350,1359,41233,-0.013788098693759077
5240,2019-04-18,1356,1380,1353,1365,54905,0.004415011037527616
5241,2019-04-19,1365,1380,1353,1365,67313,0.0
5242,2019-04-22,1365,1383,1362,1365,30122,0.0
5243,2019-04-23,1374,1393,1362,1387,61442,0.01611721611721606
5244,2019-04-24,1386,1396,1365,1390,46306,0.00216294160057684
5245,2019-04-25,1399,1405,1356,1356,51271,-0.024460431654676262
5246,2019-04-26,1356,1396,1341,1341,48611,-0.011061946902654829
5247,2019-04-29,1359,1383,1344,1384,22414,0.03206562266964941
5248,2019-04-30,1396,1396,1365,1365,27333,-0.013728323699422007
5249,2019-05-02,1350,1386,1350,1384,27389,0.01391941391941387
5250,2019-05-03,1383,1393,1371,1390,26364,0.004335260115607031
5251,2019-05-07,1402,1402,1359,1362,60801,-0.020143884892086295
5252,2019-05-08,1347,1389,1341,1390,48875,0.0205580029368575
5253,2019-05-09,1399,1399,1374,1375,111014,-0.010791366906474864
5254,2019-05-10,1371,1396,1347,1375,45661,0.0
5255,2019-05-13,1377,1399,1328,1335,40202,-0.029090909090909056
5256,2019-05-14,1328,1374,1328,1372,46649,0.027715355805243425
5257,2019-05-15,1371,1469,1368,1433,432646,0.044460641399416856
5258,2019-05-16,1481,1481,1399,1427,247301,-0.004187020237264472
5259,2019-05-17,1435,1454,1368,1369,184030,-0.040644709180098104
5260,2019-05-20,1368,1405,1365,1372,62404,0.0021913805697588717
5261,2019-05-21,1371,1377,1356,1365,56822,-0.005102040816326481
5262,2019-05-22,1368,1411,1362,1384,72321,0.01391941391941387
5263,2019-05-23,1414,1414,1380,1384,95709,0.0
5264,2019-05-24,1368,1383,1331,1338,98833,-0.033236994219653204
5265,2019-05-27,1337,1365,1337,1341,49945,0.0022421524663676085
5266,2019-05-28,1353,1402,1341,1356,41363,0.01118568232662187
5267,2019-05-29,1344,1362,1325,1359,49495,0.0022123893805310324
5268,2019-05-30,1377,1393,1334,1372,79574,0.009565857247976428
5269,2019-05-31,1368,1374,1304,1310,160278,-0.04518950437317781
5270,2019-06-03,1319,1325,1279,1310,53241,0.0
5271,2019-06-04,1310,1310,1255,1283,99158,-0.02061068702290081
5272,2019-06-05,1273,1282,1221,1234,324204,-0.03819173811379584
5273,2019-06-07,1233,1264,1212,1258,45201,0.01944894651539708
5274,2019-06-10,1270,1328,1264,1313,77533,0.043720190779014345
5275,2019-06-11,1313,1362,1295,1362,109383,0.03731911652703723
5276,2019-06-12,1405,1432,1325,1359,274891,-0.0022026431718061845
5277,2019-06-13,1350,1368,1325,1347,90194,-0.008830022075055233
5278,2019-06-14,1374,1399,1331,1390,169961,0.031922791388270255
5279,2019-06-17,1389,1417,1337,1387,232573,-0.0021582733812949284
5280,2019-06-18,1386,1386,1337,1356,107709,-0.022350396539293493
5281,2019-06-19,1356,1371,1334,1359,69554,0.0022123893805310324
5282,2019-06-20,1365,1377,1328,1335,48884,-0.017660044150110354
5283,2019-06-21,1334,1337,1310,1335,61120,0.0
5284,2019-06-24,1334,1405,1304,1335,56989,0.0
5285,2019-06-25,1347,1396,1307,1307,35200,-0.02097378277153561
5286,2019-06-26,1295,1316,1285,1286,29564,-0.016067329762815663
5287,2019-06-27,1282,1310,1273,1283,35035,-0.002332814930015581
5288,2019-06-28,1276,1292,1267,1283,29609,0.0
5289,2019-07-01,1282,1307,1264,1283,22899,0.0
5290,2019-07-02,1267,1285,1243,1243,88620,-0.03117692907248637
5291,2019-07-03,1243,1261,1243,1246,18281,0.002413515687851975
5292,2019-07-04,1246,1270,1230,1237,52382,-0.007223113964687
5293,2019-07-05,1243,1258,1236,1237,27989,0.0
5294,2019-07-08,1236,1282,1206,1222,71546,-0.01212611156022636
5295,2019-07-09,1212,1249,1194,1209,65271,-0.010638297872340385
5296,2019-07-10,1200,1230,1197,1231,131617,0.018196856906534276
5297,2019-07-11,1230,1304,1215,1301,87147,0.05686433793663692
5298,2019-07-12,1301,1316,1285,1313,21490,0.009223674096848544
5299,2019-07-15,1301,1313,1273,1280,26020,-0.02513328255902514
5300,2019-07-16,1279,1301,1252,1292,28792,0.009374999999999911
5301,2019-07-17,1292,1292,1227,1280,26648,-0.009287925696594423
5302,2019-07-18,1258,1276,1243,1249,21228,-0.024218749999999956
5303,2019-07-19,1249,1295,1243,1268,12857,0.015212169735788539
5304,2019-07-22,1243,1304,1236,1255,19417,-0.010252365930599416
5305,2019-07-23,1239,1285,1178,1237,285091,-0.014342629482071767
5306,2019-07-24,1267,1267,1194,1222,50825,-0.01212611156022636
5307,2019-07-25,1215,1255,1181,1209,71990,-0.010638297872340385
5308,2019-07-26,1194,1243,1169,1197,45944,-0.00992555831265507
5309,2019-07-29,1194,1209,1102,1121,196168,-0.06349206349206349
5310,2019-07-30,1123,1172,1123,1173,116042,0.04638715432649421
5311,2019-07-31,1172,1194,1132,1154,45659,-0.01619778346121059
5312,2019-08-01,1163,1187,1145,1170,22508,0.013864818024263537
5313,2019-08-02,1148,1194,1138,1182,34794,0.01025641025641022
5314,2019-08-05,1181,1181,1108,1127,63849,-0.04653130287648055
5315,2019-08-06,1053,1160,1047,1096,114426,-0.027506654835847355
5316,2019-08-07,1102,1169,1089,1151,41966,0.050182481751824826
5317,2019-08-08,1132,1190,1132,1151,41330,0.0
5318,2019-08-09,1151,1178,1132,1133,98804,-0.0156385751520417
5319,2019-08-12,1132,1163,1126,1145,7787,0.010591350397175736
5320,2019-08-13,1120,1169,1114,1163,61956,0.015720524017467152
5321,2019-08-14,1169,1249,1117,1200,210757,0.03181427343078247
5322,2019-08-16,1151,1200,1151,1182,41116,-0.015000000000000013
5323,2019-08-19,1181,1227,1148,1185,73094,0.002538071065989911
5324,2019-08-20,1194,1194,1135,1179,130853,-0.005063291139240533
5325,2019-08-21,1181,1190,1151,1182,56780,0.0025445292620864812
5326,2019-08-22,1194,1194,1160,1163,34723,-0.0160744500846024
5327,2019-08-23,1154,1166,1141,1154,34583,-0.007738607050730817
5328,2019-08-26,1141,1141,1096,1108,80077,-0.03986135181975736
5329,2019-08-27,1111,1123,1099,1102,95117,-0.005415162454873612
5330,2019-08-28,1102,1120,1102,1114,63794,0.010889292196007316
5331,2019-08-29,1123,1123,1099,1114,35641,0.0
5332,2019-08-30,1117,1126,1102,1121,127645,0.006283662477558405
5333,2019-09-02,1114,1126,1105,1121,100302,0.0
5334,2019-09-03,1123,1129,1114,1114,57412,-0.006244424620874267
5335,2019-09-04,1114,1126,1111,1118,65631,0.0035906642728904536
5336,2019-09-05,1123,1166,1117,1145,104430,0.02415026833631484
5337,2019-09-06,1151,1151,1120,1127,64780,-0.015720524017467263
5338,2019-09-09,1132,1187,1132,1176,131093,0.04347826086956519
5339,2019-09-10,1175,1393,1163,1310,2329731,0.11394557823129259
5340,2019-09-11,1288,1310,1258,1280,391916,-0.022900763358778664
5341,2019-09-16,1264,1288,1249,1252,221897,-0.021874999999999978
5342,2019-09-17,1233,1304,1224,1298,269319,0.036741214057508076
5343,2019-09-18,1310,1310,1264,1264,204444,-0.026194144838212585
5344,2019-09-19,1264,1292,1261,1283,138282,0.015031645569620222
5345,2019-09-20,1279,1285,1230,1283,431122,0.0
5346,2019-09-23,1285,1298,1252,1295,369821,0.009353078721745955
5347,2019-09-24,1295,1295,1258,1271,131973,-0.018532818532818518
5348,2019-09-25,1282,1282,1215,1237,207711,-0.02675059008654601
5349,2019-09-26,1239,1249,1200,1206,207402,-0.025060630557801167
5350,2019-09-27,1224,1267,1157,1173,787911,-0.027363184079602032
5351,2019-09-30,1187,1221,1151,1182,266317,0.007672634271099765
5352,2019-10-01,1206,1252,1160,1243,162085,0.05160744500846026
5353,2019-10-02,1224,1267,1209,1240,126451,-0.002413515687851975
5354,2019-10-04,1239,1239,1200,1200,102615,-0.032258064516129004
5355,2019-10-07,1200,1221,1181,1212,71180,0.010000000000000009
5356,2019-10-08,1212,1227,1197,1212,47219,0.0
5357,2019-10-10,1221,1230,1206,1222,119584,0.008250825082508184
5358,2019-10-11,1221,1233,1215,1222,11279,0.0
5359,2019-10-14,1227,1239,1203,1228,70078,0.004909983633387904
5360,2019-10-15,1215,1236,1206,1225,15925,-0.002442996742671011
5361,2019-10-16,1224,1255,1209,1225,18259,0.0
5362,2019-10-17,1224,1249,1206,1215,32413,-0.008163265306122436
5363,2019-10-18,1215,1215,1203,1209,23064,-0.004938271604938316
5364,2019-10-21,1209,1218,1181,1209,40839,0.0
5365,2019-10-22,1200,1215,1197,1212,20056,0.002481389578163684
5366,2019-10-23,1215,1215,1169,1206,81775,-0.004950495049504955
5367,2019-10-24,1206,1206,1178,1188,49096,-0.014925373134328401
5368,2019-10-25,1187,1218,1169,1182,80719,-0.005050505050505083
5369,2019-10-28,1181,1206,1172,1182,33252,0.0
5370,2019-10-29,1190,1194,1169,1185,83969,0.002538071065989911
5371,2019-10-30,1197,1200,1166,1176,34263,-0.0075949367088608
5372,2019-10-31,1187,1187,1163,1170,36192,-0.005102040816326481
5373,2019-11-01,1166,1178,1160,1163,42185,-0.005982905982905962
5374,2019-11-04,1172,1194,1163,1173,59187,0.008598452278589797
5375,2019-11-05,1194,1194,1163,1191,66609,0.01534526854219953
5376,2019-11-06,1187,1194,1163,1185,52222,-0.005037783375314908
5377,2019-11-07,1175,1194,1175,1194,14257,0.0075949367088608
5378,2019-11-08,1194,1243,1194,1215,123274,0.017587939698492372
5379,2019-11-11,1224,1224,1209,1225,107312,0.008230452674897082
5380,2019-11-12,1230,1243,1203,1203,96139,-0.01795918367346938
5381,2019-11-13,1200,1227,1200,1219,33392,0.013300083125519446
5382,2019-11-14,1224,1233,1184,1191,67355,-0.022969647251845804
5383,2019-11-15,1184,1209,1163,1197,72444,0.005037783375314797
5384,2019-11-18,1197,1218,1184,1200,98318,0.0025062656641603454
5385,2019-11-19,1206,1249,1203,1237,142727,0.030833333333333268
5386,2019-11-20,1236,1236,1187,1203,132074,-0.027485852869846394
5387,2019-11-21,1203,1224,1203,1215,89012,0.009975062344139696
5388,2019-11-22,1227,1239,1194,1212,90659,-0.0024691358024691024
5389,2019-11-25,1212,1221,1200,1206,50043,-0.004950495049504955
5390,2019-11-26,1218,1233,1212,1219,69082,0.010779436152570376
5391,2019-11-27,1236,1236,1203,1215,46912,-0.003281378178835115
5392,2019-11-28,1215,1236,1209,1234,64197,0.01563786008230461
5393,2019-11-29,1233,1353,1233,1258,997259,0.01944894651539708
5394,2019-12-02,1261,1319,1230,1320,379574,0.049284578696343395
5395,2019-12-03,1347,1426,1267,1320,1198421,0.0
5396,2019-12-04,1313,1389,1307,1353,326135,0.02499999999999991
5397,2019-12-05,1353,1371,1285,1362,327323,0.006651884700665134
5398,2019-12-06,1386,1396,1328,1390,167740,0.0205580029368575
5399,2019-12-09,1389,1411,1356,1365,138338,-0.017985611510791366
5400,2019-12-10,1386,1386,1331,1353,77543,-0.00879120879120876
5401,2019-12-11,1353,1356,1325,1344,74331,-0.006651884700665134
5402,2019-12-12,1337,1350,1304,1338,151095,-0.004464285714285698
5403,2019-12-13,1337,1365,1325,1332,72040,-0.004484304932735439
5404,2019-12-16,1328,1337,1307,1335,127663,0.0022522522522523403
5405,2019-12-17,1334,1393,1319,1341,61816,0.004494382022471877
5406,2019-12-18,1341,1341,1292,1304,70091,-0.027591349739000792
5407,2019-12-19,1304,1325,1292,1313,29946,0.006901840490797451
5408,2019-12-20,1337,1337,1288,1307,51301,-0.004569687738004591
5409,2019-12-23,1307,1307,1264,1264,77357,-0.03289977046671766
5410,2019-12-24,1267,1304,1246,1292,58316,0.02215189873417711
5411,2019-12-26,1292,1307,1273,1304,44334,0.009287925696594534
5412,2019-12-27,1301,1319,1295,1301,13583,-0.0023006134969325576
5413,2019-12-30,1304,1337,1270,1295,57493,-0.004611837048424272
5414,2020-01-02,1310,1331,1282,1298,81733,0.0023166023166023564
5415,2020-01-03,1298,1310,1267,1274,67148,-0.018489984591679498
5416,2020-01-06,1273,1292,1224,1268,167964,-0.004709576138147598
5417,2020-01-07,1267,1301,1264,1292,75480,0.018927444794952786
5418,2020-01-08,1292,1292,1239,1283,71083,-0.00696594427244579
5419,2020-01-09,1285,1310,1273,1307,80758,0.01870615744349191
5420,2020-01-10,1313,1365,1295,1356,120363,0.037490436113236436
5421,2020-01-13,1356,1377,1353,1372,45441,0.01179941002949847
5422,2020-01-14,1371,1393,1334,1335,100575,-0.02696793002915454
5423,2020-01-15,1331,1353,1325,1347,23892,0.008988764044943753
5424,2020-01-16,1334,1356,1331,1356,59094,0.006681514476614803
5425,2020-01-17,1350,1359,1325,1341,23504,-0.011061946902654829
5426,2020-01-20,1341,1353,1331,1338,46184,-0.0022371364653244186
5427,2020-01-21,1337,1359,1328,1338,14189,0.0
5428,2020-01-22,1337,1359,1325,1347,30982,0.006726457399103047
5429,2020-01-23,1347,1368,1337,1347,72285,0.0
5430,2020-01-28,1337,1341,1273,1307,72434,-0.029695619896065284
5431,2020-01-29,1307,1319,1292,1301,22132,-0.004590665646518777
5432,2020-01-30,1298,1322,1261,1295,49402,-0.004611837048424272
5433,2020-01-31,1295,1298,1224,1261,132197,-0.026254826254826225
5434,2020-02-03,1221,1273,1221,1249,57000,-0.009516256938937317
5435,2020-02-04,1249,1270,1246,1264,69296,0.012009607686148893
5436,2020-02-05,1267,1304,1246,1258,48007,-0.004746835443038
5437,2020-02-06,1258,1304,1249,1304,79040,0.0365659777424483
5438,2020-02-07,1288,1316,1282,1286,19547,-0.013803680981595123
5439,2020-02-10,1285,1304,1282,1289,45285,0.00233281493001547
5440,2020-02-11,1288,1316,1285,1286,80611,-0.002327385570209506
5441,2020-02-12,1298,1301,1282,1295,31562,0.006998444790046632
5442,2020-02-13,1298,1310,1276,1286,54199,-0.006949806949806958
5443,2020-02-14,1285,1301,1267,1301,41745,0.011664074650077794
5444,2020-02-17,1301,1313,1258,1271,80963,-0.02305918524212147
5445,2020-02-18,1270,1273,1246,1268,39451,-0.002360346184106965
5446,2020-02-19,1267,1267,1236,1258,54602,-0.007886435331230235
5447,2020-02-20,1255,1255,1230,1246,78551,-0.009538950715421324
5448,2020-02-21,1246,1246,1221,1225,105604,-0.016853932584269704
5449,2020-02-24,1212,1212,1184,1191,87807,-0.027755102040816326
5450,2020-02-25,1178,1243,1175,1209,71871,0.015113350125944613
5451,2020-02-26,1197,1209,1190,1206,47812,-0.002481389578163795
5452,2020-02-27,1206,1224,1178,1209,96494,0.0024875621890547706
5453,2020-02-28,1209,1209,1148,1185,123359,-0.01985111662531014
5454,2020-03-02,1184,1255,1169,1197,34430,0.010126582278481067
5455,2020-03-03,1215,1218,1184,1191,31662,-0.005012531328320802
5456,2020-03-04,1190,1212,1175,1212,38112,0.017632241813602123
5457,2020-03-05,1212,1215,1197,1215,40507,0.0024752475247524774
5458,2020-03-06,1212,1212,1178,1200,46923,-0.012345679012345734
5459,2020-03-09,1178,1203,1123,1163,119933,-0.03083333333333338
5460,2020-03-10,1145,1166,1108,1127,100877,-0.03095442820292349
5461,2020-03-11,1157,1157,1074,1087,73375,-0.03549245785270627
5462,2020-03-12,1086,1096,967,1004,421621,-0.07635694572217111
5463,2020-03-13,961,970,792,952,455864,-0.05179282868525892
5464,2020-03-16,924,982,884,891,140237,-0.06407563025210083
5465,2020-03-17,857,894,841,888,67202,-0.0033670033670033517
5466,2020-03-18,887,915,845,851,67188,-0.04166666666666663
5467,2020-03-19,845,845,716,765,311524,-0.10105757931844883
5468,2020-03-20,808,820,740,821,181579,0.07320261437908493
5469,2020-03-23,728,759,682,704,160906,-0.1425091352009744
5470,2020-03-24,716,756,704,756,224736,0.07386363636363646
5471,2020-03-25,765,799,756,796,141360,0.05291005291005302
5472,2020-03-26,808,845,780,821,176484,0.031407035175879505
5473,2020-03-27,894,894,808,854,138337,0.04019488428745421
5474,2020-03-30,841,887,811,885,65432,0.03629976580796246
5475,2020-03-31,909,918,878,900,116861,0.016949152542372836
5476,2020-04-01,897,942,884,885,58455,-0.01666666666666672
5477,2020-04-02,860,900,848,900,58165,0.016949152542372836
5478,2020-04-03,900,918,875,882,49939,-0.020000000000000018
5479,2020-04-06,887,976,872,943,111349,0.06916099773242634
5480,2020-04-07,1016,1034,909,943,592123,0.0
5481,2020-04-08,933,998,918,952,76242,0.009544008483563182
5482,2020-04-09,976,988,952,961,81009,0.009453781512605008
5483,2020-04-10,967,1040,918,1041,225647,0.08324661810613954
5484,2020-04-13,1028,1028,961,961,106071,-0.07684918347742553
5485,2020-04-14,958,1025,952,974,217479,0.013527575442247697
5486,2020-04-16,973,991,949,974,33917,0.0
5487,2020-04-17,982,1004,958,986,101689,0.012320328542094527
5488,2020-04-20,998,1001,976,989,32873,0.0030425963488844854
5489,2020-04-21,988,991,933,971,69343,-0.018200202224469164
5490,2020-04-22,955,1001,918,971,107307,0.0
5491,2020-04-23,973,988,961,977,118798,0.006179196704428458
5492,2020-04-24,970,982,955,955,55301,-0.022517911975434957
5493,2020-04-27,958,998,949,977,120624,0.023036649214659644
5494,2020-04-28,976,998,958,989,85642,0.0122824974411464
5495,2020-04-29,988,1010,979,995,66742,0.006066734074823055
5496,2020-05-04,985,1016,952,992,322866,-0.0030150753768843908
5497,2020-05-06,985,1001,976,995,45866,0.003024193548387011
5498,2020-05-07,1001,1001,973,998,49976,0.0030150753768845018
5499,2020-05-08,998,1010,991,998,94655,0.0
5500,2020-05-11,1004,1022,985,986,86370,-0.012024048096192397
5501,2020-05-12,991,991,952,964,118123,-0.022312373225152116
5502,2020-05-13,942,970,933,952,138316,-0.012448132780082943
5503,2020-05-14,942,1105,866,873,2946841,-0.08298319327731096
5504,2020-05-15,881,909,851,903,448953,0.03436426116838498
5505,2020-05-18,894,903,869,900,164578,-0.0033222591362126463
5506,2020-05-19,915,936,890,937,328839,0.0411111111111111
5507,2020-05-20,942,942,924,931,136541,-0.006403415154749181
5508,2020-05-21,936,936,918,922,170436,-0.009667024704618665
5509,2020-05-22,927,927,894,915,112207,-0.007592190889370909
5510,2020-05-25,915,930,912,925,102384,0.010928961748633892
5511,2020-05-26,924,973,924,974,215418,0.052972972972972876
5512,2020-05-27,979,985,955,980,186295,0.006160164271047153
5513,2020-05-28,988,995,964,974,157913,-0.006122448979591799
5514,2020-05-29,958,1019,936,995,198999,0.021560574948665368
5515,2020-06-01,998,1025,995,1010,151836,0.015075376884422065
5516,2020-06-02,1034,1034,982,1001,127047,-0.008910891089108919
5517,2020-06-03,1013,1013,982,992,201122,-0.00899100899100902
5518,2020-06-04,991,1007,979,992,162961,0.0
5519,2020-06-05,991,1010,967,1007,213886,0.015120967741935498
5520,2020-06-08,1010,1013,979,1004,366932,-0.002979145978152964
5521,2020-06-09,1007,1010,985,1001,138488,-0.0029880478087649376
5522,2020-06-10,1001,1001,976,983,85043,-0.017982017982017928
5523,2020-06-11,982,1001,967,974,110755,-0.00915564598168872
5524,2020-06-12,942,955,915,955,101476,-0.019507186858316206
5525,2020-06-15,955,1010,936,943,442812,-0.012565445026177957
5526,2020-06-16,955,991,949,964,63321,0.022269353128313796
5527,2020-06-17,967,982,946,964,96252,0.0
5528,2020-06-18,964,988,949,980,103949,0.016597510373443924
5529,2020-06-19,982,1025,976,1004,191233,0.02448979591836742
5530,2020-06-22,1013,1025,979,1007,186322,0.0029880478087649376
5531,2020-06-23,1004,1010,970,980,138563,-0.026812313803376342
5532,2020-06-24,982,1004,942,949,275023,-0.031632653061224536
5533,2020-06-25,942,970,927,955,333759,0.006322444678608985
5534,2020-06-26,958,958,933,934,96788,-0.021989528795811508
5535,2020-06-29,924,961,897,928,280568,-0.0064239828693790635
5536,2020-06-30,930,936,906,906,97886,-0.023706896551724088
5537,2020-07-01,918,924,884,903,176236,-0.0033112582781457123
5538,2020-07-02,903,912,890,903,52892,0.0
5539,2020-07-03,915,918,900,915,42391,0.013289036544850585
5540,2020-07-06,918,924,897,918,64797,0.003278688524590123
5541,2020-07-07,921,927,909,912,103938,-0.006535947712418277
5542,2020-07-08,912,918,900,912,37248,0.0
5543,2020-07-09,915,927,909,928,125979,0.01754385964912286
5544,2020-07-10,918,949,915,934,249222,0.006465517241379226
5545,2020-07-13,949,964,930,964,85947,0.032119914346895095
5546,2020-07-14,964,985,952,980,63501,0.016597510373443924
5547,2020-07-15,979,1010,979,992,139780,0.012244897959183598
5548,2020-07-16,1004,1016,991,1007,102980,0.015120967741935498
5549,2020-07-17,1004,1013,991,1007,80227,0.0
5550,2020-07-20,1010,1019,995,1007,100753,0.0
5551,2020-07-21,1007,1013,982,986,127904,-0.020854021847070525
5552,2020-07-22,985,985,967,971,93246,-0.015212981744421872
5553,2020-07-23,976,991,952,983,68743,0.012358393408856916
5554,2020-07-24,1001,1010,955,958,208925,-0.025432349949135347
5555,2020-07-27,979,991,961,983,63234,0.02609603340292277
5556,2020-07-28,985,1047,985,1047,559017,0.06510681586978628
5557,2020-07-29,1053,1227,1044,1133,3873432,0.08213944603629408
5558,2020-07-30,1123,1141,1099,1121,399013,-0.010591350397175625
5559,2020-07-31,1135,1178,1077,1130,953089,0.00802854594112401
5560,2020-08-03,1129,1138,1096,1118,168556,-0.010619469026548645
5561,2020-08-04,1120,1135,1083,1108,130899,-0.008944543828264706
5562,2020-08-05,1108,1117,1056,1062,387032,-0.041516245487364656
5563,2020-08-06,1074,1080,1053,1062,124365,0.0
5564,2020-08-07,1071,1086,1053,1065,152795,0.0028248587570620654
5565,2020-08-10,1071,1077,1050,1078,111320,0.012206572769952961
5566,2020-08-11,1080,1105,1071,1081,164594,0.002782931354359919
5567,2020-08-12,1080,1089,1034,1069,165016,-0.011100832562442209
5568,2020-08-13,1077,1089,1053,1069,115647,0.0
5569,2020-08-14,1080,1163,1050,1078,931819,0.008419083255378768
5570,2020-08-18,1068,1068,998,1010,331751,-0.06307977736549164
5571,2020-08-19,1010,1028,991,1004,92596,-0.005940594059405946
5572,2020-08-20,991,1016,958,961,224221,-0.042828685258964105
5573,2020-08-21,982,988,942,977,70550,0.01664932362122795
5574,2020-08-24,973,1059,952,971,231469,-0.0061412487205732
5575,2020-08-25,991,1010,985,1001,42945,0.030895983522142068
5576,2020-08-26,1010,1114,985,1020,863336,0.018981018981018893
5577,2020-08-27,1031,1034,995,1007,114656,-0.012745098039215641
5578,2020-08-28,1016,1037,1001,1029,112967,0.021847070506454846
5579,2020-08-31,1019,1047,1013,1035,119056,0.005830903790087438
5580,2020-09-01,1040,1040,1007,1032,69295,-0.0028985507246376274
5581,2020-09-02,1019,1053,1016,1029,78483,-0.0029069767441860517
5582,2020-09-03,1028,1028,1013,1026,88464,-0.002915451895043719
5583,2020-09-04,998,1056,998,1047,183203,0.020467836257309857
5584,2020-09-07,1044,1071,1028,1047,64275,0.0
5585,2020-09-08,1047,1056,1019,1029,65363,-0.017191977077363862
5586,2020-09-09,1016,1028,1001,1029,34487,0.0
5587,2020-09-10,1031,1031,1010,1023,83501,-0.005830903790087438
5588,2020-09-11,1022,1047,1016,1029,57133,0.0058651026392961825
5589,2020-09-14,1019,1096,1019,1084,216639,0.05344995140913511
5590,2020-09-15,1083,1083,1056,1084,79233,0.0
5591,2020-09-16,1074,1114,1071,1087,189375,0.002767527675276771
5592,2020-09-17,1080,1093,1065,1078,88421,-0.008279668813247487
5593,2020-09-18,1093,1093,1044,1047,175646,-0.0287569573283859
5594,2020-09-21,1050,1089,1044,1056,156551,0.008595988538681931
5595,2020-09-22,1062,1083,1037,1050,151841,-0.005681818181818232
5596,2020-09-23,1059,1068,1034,1059,69580,0.008571428571428674
5597,2020-09-24,1059,1086,1047,1069,146597,0.009442870632672351
5598,2020-09-25,1077,1096,1068,1093,213651,0.022450888681010195
5599,2020-09-28,1105,1187,1093,1188,1170057,0.08691674290942353
5600,2020-09-29,1399,1530,1227,1252,4918665,0.05387205387205385
5601,2020-10-05,1282,1301,1212,1301,991431,0.039137380191693216
5602,2020-10-06,1292,1377,1276,1304,1021497,0.002305918524212247
5603,2020-10-07,1292,1347,1279,1332,422438,0.021472392638036908
5604,2020-10-08,1359,1359,1298,1317,330573,-0.011261261261261257
5605,2020-10-12,1295,1328,1270,1317,254987,0.0
5606,2020-10-13,1307,1325,1264,1323,345336,0.004555808656036442
5607,2020-10-14,1359,1359,1270,1277,279357,-0.034769463340891926
5608,2020-10-15,1276,1304,1249,1298,195828,0.01644479248238051
5609,2020-10-16,1304,1316,1252,1274,214817,-0.018489984591679498
5610,2020-10-19,1288,1316,1249,1255,177249,-0.01491365777080067
5611,2020-10-20,1230,1255,1215,1237,138532,-0.014342629482071767
5612,2020-10-21,1243,1282,1218,1252,178892,0.01212611156022625
5613,2020-10-22,1249,1273,1224,1234,95858,-0.014376996805111841
5614,2020-10-23,1236,1261,1203,1222,169142,-0.00972447325769854
5615,2020-10-26,1212,1233,1163,1194,242231,-0.022913256955810146
5616,2020-10-27,1172,1215,1157,1188,114214,-0.005025125628140725
5617,2020-10-28,1169,1218,1166,1215,80853,0.022727272727272707
5618,2020-10-29,1175,1215,1175,1212,87584,-0.0024691358024691024
5619,2020-10-30,1221,1227,1166,1191,160833,-0.017326732673267342
5620,2020-11-02,1194,1209,1169,1194,93497,0.0025188916876575096
5621,2020-11-03,1215,1218,1187,1194,86862,0.0
5622,2020-11-04,1209,1209,1175,1191,101963,-0.002512562814070307
5623,2020-11-05,1197,1246,1197,1237,191425,0.03862300587741396
5624,2020-11-06,1252,1252,1215,1225,80460,-0.009700889248181133
5625,2020-11-09,1224,1267,1209,1246,168403,0.017142857142857126
5626,2020-11-10,1246,1258,1236,1246,86059,0.0
5627,2020-11-11,1267,1279,1236,1280,177341,0.02728731942215079
5628,2020-11-12,1344,1460,1288,1310,722855,0.0234375
5629,2020-11-13,1295,1322,1288,1317,111842,0.005343511450381699
5630,2020-11-16,1310,1319,1292,1301,101289,-0.012148823082763882
5631,2020-11-17,1301,1316,1292,1304,85486,0.002305918524212247
5632,2020-11-18,1304,1316,1279,1283,81831,-0.01610429447852757
5633,2020-11-19,1301,1301,1279,1289,98732,0.004676539360872978
5634,2020-11-20,1288,1307,1282,1301,123630,0.009309542280837801
5635,2020-11-23,1307,1307,1258,1298,98110,-0.002305918524212136
5636,2020-11-24,1310,1310,1255,1268,163921,-0.023112480739599373
5637,2020-11-25,1279,1282,1230,1249,121774,-0.014984227129337557
5638,2020-11-26,1249,1264,1224,1246,79622,-0.0024019215372297342
5639,2020-11-27,1258,1258,1233,1246,34094,0.0
5640,2020-11-30,1255,1255,1230,1231,77332,-0.012038523274478297
5641,2020-12-01,1233,1316,1224,1261,197254,0.024370430544272903
5642,2020-12-02,1276,1276,1246,1261,34998,0.0
5643,2020-12-03,1279,1279,1236,1255,46402,-0.004758128469468659
5644,2020-12-04,1258,1261,1212,1243,381131,-0.009561752988047845
5645,2020-12-07,1288,1310,1224,1231,401464,-0.0096540627514079
5646,2020-12-08,1221,1270,1221,1243,215265,0.009748172217709072
5647,2020-12-09,1243,1258,1224,1240,160135,-0.002413515687851975
5648,2020-12-10,1249,1273,1233,1274,113011,0.02741935483870961
5649,2020-12-11,1282,1298,1273,1298,95798,0.018838304552590168
5650,2020-12-14,1298,1307,1273,1295,160293,-0.0023112480739599928
5651,2020-12-15,1295,1322,1282,1317,223641,0.01698841698841691
5652,2020-12-16,1344,1350,1301,1310,206109,-0.005315110098709219
5653,2020-12-17,1310,1319,1279,1295,99618,-0.011450381679389277
5654,2020-12-18,1298,1325,1292,1326,110955,0.02393822393822398
5655,2020-12-21,1344,1344,1307,1326,94248,0.0
5656,2020-12-22,1307,1325,1304,1310,144173,-0.012066365007541435
5657,2020-12-23,1301,1417,1301,1317,2141055,0.005343511450381699
5658,2020-12-24,1331,1368,1316,1332,355400,0.011389521640091216
5659,2020-12-28,1350,1423,1341,1353,986093,0.015765765765765716
5660,2020-12-29,1359,1435,1347,1402,459636,0.036215816703621506
5661,2020-12-30,1411,1420,1356,1387,294509,-0.010699001426533572
5662,2021-01-04,1405,1567,1377,1439,1927741,0.03749098774333093
5663,2021-01-05,1426,1561,1408,1509,2073188,0.04864489228630986
5664,2021-01-06,1500,1518,1442,1454,679779,-0.03644797879390327
5665,2021-01-07,1454,1500,1426,1476,334607,0.015130674002751032
5666,2021-01-08,1500,1797,1478,1586,9678454,0.07452574525745259
5667,2021-01-11,1592,1628,1494,1519,1554229,-0.04224464060529631
5668,2021-01-12,1506,1567,1494,1534,471003,0.00987491770901916
5669,2021-01-13,1533,1686,1533,1565,2567658,0.020208604954367715
5670,2021-01-14,1567,1604,1552,1592,553167,0.017252396166134165
5671,2021-01-15,1592,1604,1555,1577,270578,-0.009422110552763874
5672,2021-01-18,1555,1561,1500,1506,329253,-0.04502219403931518
5673,2021-01-19,1506,1552,1487,1488,234623,-0.01195219123505975
5674,2021-01-20,1555,1579,1506,1516,443724,0.018817204301075252
5675,2021-01-21,1536,1742,1521,1617,2776395,0.06662269129287601
5676,2021-01-22,1601,1671,1582,1635,831397,0.011131725417439675
5677,2021-01-25,1613,1677,1592,1650,468269,0.00917431192660545
5678,2021-01-26,1641,1732,1641,1681,696085,0.018787878787878798
5679,2021-01-27,1680,1717,1644,1662,338846,-0.01130279595478878
5680,2021-01-28,1613,1650,1588,1589,326914,-0.04392298435619735
5681,2021-01-29,1592,1619,1524,1531,242741,-0.036500943989930756
5682,2021-02-01,1533,1570,1500,1565,146452,0.022207707380796915
5683,2021-02-02,1576,1634,1573,1589,112014,0.015335463258785875
5684,2021-02-03,1613,1690,1610,1650,494445,0.03838892385147896
5685,2021-02-04,1653,1971,1653,1782,9812988,0.08000000000000007
5686,2021-02-05,1784,2274,1745,1996,14698731,0.12008978675645343
5687,2021-02-08,1950,1950,1748,1748,3942970,-0.12424849699398799
5688,2021-02-09,1757,2057,1757,1941,10108897,0.11041189931350104
5689,2021-02-10,1931,1956,1840,1871,1798687,-0.03606388459556931
5690,2021-02-15,1870,1901,1833,1874,1118269,0.0016034206306787535
5691,2021-02-16,1867,1889,1791,1843,793429,-0.016542155816435478
5692,2021-02-17,1843,1928,1815,1917,769424,0.040151926207270705
5693,2021-02-18,1941,1987,1895,1950,1075643,0.017214397496087663
5694,2021-02-19,1968,2008,1806,1843,964603,-0.05487179487179483
5695,2021-02-22,1898,2259,1870,2100,13887595,0.13944655453065646
5696,2021-02-23,2045,2326,1987,2327,5400547,0.10809523809523802
5697,2021-02-24,2195,2235,2075,2235,3877730,-0.03953588311130207
5698,2021-02-25,0,0,0,2235,0,0.0
5699,2021-02-26,0,0,0,2235,0,0.0
5700,2021-03-02,0,0,0,2235,0,0.0
5701,2021-03-03,0,0,0,2235,0,0.0
5702,2021-03-04,0,0,0,2235,0,0.0
5703,2021-03-05,0,0,0,2235,0,0.0
5704,2021-03-08,0,0,0,2235,0,0.0
5705,2021-03-09,0,0,0,2235,0,0.0
5706,2021-03-10,0,0,0,2235,0,0.0
5707,2021-03-11,0,0,0,2235,0,0.0
5708,2021-03-12,0,0,0,2235,0,0.0
5709,2021-03-15,2235,2820,1855,2175,38775384,-0.02684563758389258
5710,2021-03-16,2155,2165,2015,2015,2313765,-0.0735632183908046
5711,2021-03-17,1995,2095,1935,2060,2196890,0.022332506203474045
5712,2021-03-18,2085,2505,2030,2160,17621984,0.04854368932038833
5713,2021-03-19,2115,2150,2080,2095,1526870,-0.03009259259259256
5714,2021-03-22,2115,2270,2035,2090,2275383,-0.0023866348448687846
5715,2021-03-23,2125,2130,2005,2035,1201630,-0.02631578947368418
5716,2021-03-24,2000,2040,1900,1920,1381849,-0.05651105651105648
5717,2021-03-25,1865,1915,1800,1810,1355365,-0.05729166666666663
5718,2021-03-26,1810,1830,1765,1785,587501,-0.013812154696132617
5719,2021-03-29,1780,1825,1770,1790,498689,0.0028011204481792618
5720,2021-03-30,1785,1835,1780,1820,466279,0.016759776536312776
5721,2021-03-31,1820,1835,1795,1805,174984,-0.008241758241758212
5722,2021-04-01,1815,1820,1760,1765,372317,-0.02216066481994461
5723,2021-04-02,1765,1805,1755,1760,297402,-0.0028328611898017497
5724,2021-04-05,1765,1790,1705,1735,334272,-0.014204545454545414
5725,2021-04-06,1730,1755,1695,1715,303809,-0.011527377521613813
5726,2021-04-07,1710,1760,1685,1755,295240,0.023323615160349753
5727,2021-04-08,1755,1755,1725,1740,197048,-0.008547008547008517
5728,2021-04-09,1730,1775,1730,1755,148431,0.008620689655172376
5729,2021-04-12,1750,1795,1740,1765,171782,0.005698005698005604
5730,2021-04-13,1760,1785,1750,1750,121141,-0.008498583569405138
5731,2021-04-14,1750,1765,1735,1735,149087,-0.008571428571428563
5732,2021-04-15,1735,1765,1710,1720,243885,-0.008645533141210415
5733,2021-04-16,1730,1745,1700,1715,202983,-0.0029069767441860517
5734,2021-04-19,1715,1735,1705,1720,162335,0.00291545189504383
5735,2021-04-20,1710,1730,1705,1725,150037,0.0029069767441860517
5736,2021-04-21,1725,1730,1705,1725,256048,0.0
5737,2021-04-22,1715,1735,1710,1720,122471,-0.0028985507246376274
5738,2021-04-23,1720,1725,1705,1720,162428,0.0
5739,2021-04-26,1715,1965,1710,1840,5680778,0.06976744186046502
5740,2021-04-27,1820,1860,1805,1840,543938,0.0
5741,2021-04-28,1840,2390,1840,2020,38618329,0.09782608695652173
5742,2021-04-29,2065,2170,2010,2170,6230009,0.07425742574257432
5743,2021-04-30,2145,2240,2070,2105,3267872,-0.02995391705069128
5744,2021-05-03,2100,2145,1995,2000,1595792,-0.049881235154394354
5745,2021-05-04,1965,2420,1930,2130,17822648,0.06499999999999995
5746,2021-05-06,2100,2210,2075,2135,3068494,0.0023474178403755097
5747,2021-05-07,2135,2355,2050,2240,11087702,0.049180327868852514
5748,2021-05-10,2225,2400,2175,2295,5456970,0.024553571428571397
5749,2021-05-11,2250,2390,2215,2390,4269599,0.04139433551198257
5750,2021-05-12,2610,2625,2255,2405,5664526,0.006276150627614996
5751,2021-05-13,2315,2360,2165,2335,1592515,-0.029106029106029108
5752,2021-05-14,2300,2380,2230,2230,831604,-0.04496788008565311
5753,2021-05-17,2225,2265,2115,2130,917002,-0.04484304932735428
5754,2021-05-18,2220,2430,2160,2265,4975846,0.06338028169014076
5755,2021-05-20,2240,2440,2215,2370,2091695,0.04635761589403975
5756,2021-05-21,2365,2405,2250,2250,948136,-0.05063291139240511
5757,2021-05-24,2295,2625,2250,2425,16070640,0.07777777777777772
5758,2021-05-25,2375,2540,2360,2530,4598948,0.04329896907216502
5759,2021-05-26,2510,2570,2470,2470,1388031,-0.02371541501976282
5760,2021-05-27,2455,2560,2435,2435,1472936,-0.014170040485829927
5761,2021-05-28,2440,2480,2380,2400,792323,-0.014373716632443578
5762,2021-05-31,2420,2425,2350,2355,690881,-0.018750000000000044
5763,2021-06-01,2380,2455,2365,2405,705113,0.02123142250530785
5764,2021-06-02,2415,2440,2355,2355,553881,-0.02079002079002079
5765,2021-06-03,2360,2415,2340,2370,458641,0.006369426751592355
5766,2021-06-04,2380,2480,2380,2470,1130304,0.04219409282700415
5767,2021-06-07,2495,2520,2345,2405,1033142,-0.02631578947368418
5768,2021-06-08,2425,2450,2370,2370,309514,-0.014553014553014498
5769,2021-06-09,2360,2380,2245,2270,851548,-0.04219409282700426
5770,2021-06-10,2285,2330,2235,2290,234749,0.008810572687224738
5771,2021-06-11,2300,2325,2280,2285,202603,-0.0021834061135370675
5772,2021-06-14,2385,2970,2375,2970,36535714,0.29978118161925593
5773,2021-06-15,3270,3555,3030,3150,31043013,0.06060606060606055
5774,2021-06-16,3195,3300,3120,3285,12773472,0.04285714285714293
5775,2021-06-17,3205,3340,3165,3285,6087531,0.0
5776,2021-06-18,3680,3920,3315,3390,34325800,0.03196347031963476
5777,2021-06-21,3310,3315,3155,3190,2309953,-0.05899705014749268
5778,2021-06-22,3205,3490,3140,3415,7647299,0.07053291536050166
5779,2021-06-23,3335,3415,3240,3265,1591452,-0.04392386530014636
5780,2021-06-24,3300,3375,3240,3265,1325922,0.0
5781,2021-06-25,3240,3620,3240,3390,5938767,0.038284839203675425
5782,2021-06-28,3365,3450,3330,3405,1880956,0.004424778761061843
5783,2021-06-29,3455,4060,3380,3625,33949328,0.06461086637298097
5784,2021-06-30,3565,3595,3480,3520,2823617,-0.0289655172413793
5785,2021-07-01,3520,3520,3355,3355,1699460,-0.046875
5786,2021-07-02,3390,3435,3330,3400,1012796,0.013412816691505292
5787,2021-07-05,3380,3385,3250,3255,1292149,-0.04264705882352937
5788,2021-07-06,3230,3320,3225,3280,676310,0.007680491551459223
5789,2021-07-07,3250,3270,3165,3165,895112,-0.03506097560975607
5790,2021-07-08,3195,3205,3045,3110,685825,-0.017377567140600347
5791,2021-07-09,3100,3180,2975,3150,1096541,0.012861736334405238
5792,2021-07-12,3150,3180,3110,3110,391711,-0.012698412698412653
5793,2021-07-13,3140,3230,3115,3115,586839,0.001607717041800738
5794,2021-07-14,3115,3115,3010,3010,576649,-0.0337078651685393
5795,2021-07-15,3040,3100,3000,3020,438581,0.0033222591362125353
5796,2021-07-16,2990,3060,2985,3050,378518,0.009933774834437026
5797,2021-07-19,3050,3050,2910,2940,562322,-0.0360655737704918
5798,2021-07-20,2920,2930,2820,2870,465785,-0.023809523809523836
5799,2021-07-21,2875,2975,2860,2880,350329,0.0034843205574912606
5800,2021-07-22,2880,2930,2865,2915,218804,0.012152777777777679
5801,2021-07-23,2920,2970,2865,2875,326776,-0.013722126929674117
5802,2021-07-26,2905,2920,2845,2845,220095,-0.01043478260869568
5803,2021-07-27,2850,3520,2850,3050,27793275,0.07205623901581726
5804,2021-07-28,2990,3480,2930,3230,15802885,0.05901639344262288
5805,2021-07-29,3220,3325,3160,3240,3359407,0.003095975232198178
5806,2021-07-30,3250,3260,3120,3195,1186362,-0.01388888888888884
5807,2021-08-02,3135,3170,3060,3135,1203299,-0.018779342723004744
5808,2021-08-03,3100,3365,3095,3130,5471198,-0.0015948963317384823
5809,2021-08-04,3130,3290,3060,3275,2828259,0.0463258785942493
5810,2021-08-05,3270,3285,3170,3205,1139465,-0.021374045801526687
5811,2021-08-06,3200,3200,3080,3085,860591,-0.03744149765990634
5812,2021-08-09,3085,3110,2980,3005,887958,-0.02593192868719607
5813,2021-08-10,3005,3080,2955,3080,730788,0.024958402662229595
5814,2021-08-11,3040,3095,2980,3000,457371,-0.025974025974025983
5815,2021-08-12,2980,3150,2980,3000,867048,0.0
5816,2021-08-13,3000,3030,2860,2960,579780,-0.013333333333333308
5817,2021-08-17,2950,3070,2670,2800,713900,-0.05405405405405406
5818,2021-08-18,2720,2815,2705,2790,447242,-0.0035714285714285587
5819,2021-08-19,2745,2820,2570,2570,848479,-0.07885304659498205
5820,2021-08-20,2570,2630,2455,2465,456808,-0.040856031128404635
5821,2021-08-23,2465,2625,2450,2560,352698,0.03853955375253548
5822,2021-08-24,2695,3080,2690,2760,2799366,0.078125
5823,2021-08-25,2785,2850,2710,2800,552389,0.01449275362318847
5824,2021-08-26,2805,2850,2690,2720,456719,-0.02857142857142858
5825,2021-08-27,2745,3010,2710,2920,1420047,0.07352941176470584
5826,2021-08-30,2915,2965,2860,2920,519535,0.0
5827,2021-08-31,2895,2960,2890,2930,340087,0.003424657534246478
5828,2021-09-01,2905,2975,2870,2965,381243,0.011945392491467643
5829,2021-09-02,2965,2980,2920,2930,213277,-0.01180438448566612
5830,2021-09-03,2930,3040,2915,3035,469351,0.03583617747440271
5831,2021-09-06,3000,3005,2940,2955,255227,-0.02635914332784184
5832,2021-09-07,2960,3145,2950,3025,980986,0.02368866328257191
5833,2021-09-08,2985,3055,2980,3010,310153,-0.0049586776859503745
5834,2021-09-09,3000,3040,2910,2920,279745,-0.029900332225913595
5835,2021-09-10,2920,2975,2900,2935,267921,0.005136986301369939
5836,2021-09-13,2915,2935,2785,2815,295252,-0.040885860306643984
5837,2021-09-14,2845,2905,2805,2840,125018,0.008880994671403242
5838,2021-09-15,2815,2860,2760,2770,210531,-0.02464788732394363
5839,2021-09-16,2790,2790,2680,2740,177351,-0.010830324909747335
5840,2021-09-17,2715,2805,2685,2790,149476,0.018248175182481674
5841,2021-09-23,2800,2800,2695,2705,146542,-0.03046594982078854
5842,2021-09-24,2705,2745,2680,2695,116593,-0.003696857670979714
5843,2021-09-27,2670,2760,2660,2715,147044,0.007421150278293043
5844,2021-09-28,2700,2780,2585,2585,298660,-0.047882136279926324
5845,2021-09-29,2530,2625,2475,2580,195295,-0.0019342359767892114
5846,2021-09-30,2550,2645,2550,2625,194176,0.01744186046511631
5847,2021-10-01,2600,2645,2510,2520,189401,-0.040000000000000036
5848,2021-10-05,2480,2500,2370,2425,226117,-0.037698412698412676
5849,2021-10-06,2390,2485,2270,2270,324862,-0.06391752577319587
5850,2021-10-07,2270,2380,2270,2360,124839,0.0396475770925111
5851,2021-10-08,2380,2445,2250,2390,90783,0.012711864406779627
5852,2021-10-12,2330,2480,2330,2390,170924,0.0
5853,2021-10-13,2360,2605,2360,2515,336876,0.05230125523012563
5854,2021-10-14,2520,2605,2500,2590,136266,0.02982107355864816
5855,2021-10-15,2630,2650,2505,2510,464622,-0.030888030888030937
5856,2021-10-18,2510,2590,2490,2570,151434,0.0239043824701195
5857,2021-10-19,2575,3150,2570,2750,5899249,0.07003891050583655
5858,2021-10-20,2750,2795,2690,2715,1115601,-0.012727272727272698
5859,2021-10-21,2765,2980,2710,2710,4280277,-0.0018416206261510082
5860,2021-10-22,2700,3200,2685,2855,4564642,0.053505535055350606
5861,2021-10-25,2860,2975,2810,2950,1035008,0.03327495621716281
5862,2021-10-26,2955,3090,2880,3020,1338387,0.023728813559322104
5863,2021-10-27,2995,3075,2910,2925,900986,-0.0314569536423841
5864,2021-10-28,2925,2970,2780,2785,581128,-0.047863247863247915
5865,2021-10-29,2785,2835,2735,2810,329629,0.008976660682226134
5866,2021-11-01,2760,2780,2665,2675,375014,-0.04804270462633453
5867,2021-11-02,2675,2710,2630,2660,289583,-0.005607476635513975
5868,2021-11-03,2630,2655,2550,2570,311612,-0.03383458646616544
5869,2021-11-04,2555,2620,2515,2515,194141,-0.021400778210116767
5870,2021-11-05,2505,2540,2410,2475,330807,-0.015904572564612307
5871,2021-11-08,2470,2555,2425,2540,159720,0.02626262626262621
5872,2021-11-09,2510,2565,2500,2500,128925,-0.015748031496062964
5873,2021-11-10,2480,2500,2410,2420,216624,-0.03200000000000003
5874,2021-11-11,2420,2460,2335,2360,228452,-0.024793388429752095
5875,2021-11-12,2350,2460,2350,2420,134239,0.025423728813559254
5876,2021-11-15,2445,2535,2435,2495,152798,0.030991735537190035
5877,2021-11-16,2450,2495,2390,2420,190645,-0.030060120240480992
5878,2021-11-17,2420,2425,2330,2330,188631,-0.037190082644628086
5879,2021-11-18,2330,2335,2275,2335,148666,0.0021459227467810482
5880,2021-11-19,2320,2490,2320,2475,363056,0.05995717344753748
5881,2021-11-22,2475,2545,2430,2475,321247,0.0
5882,2021-11-23,2430,2560,2420,2480,256105,0.002020202020202033
5883,2021-11-24,2475,2500,2395,2470,222521,-0.0040322580645161255
5884,2021-11-25,2450,2465,2365,2400,205779,-0.028340080971659964
5885,2021-11-26,2380,2400,2275,2285,300005,-0.04791666666666672
5886,2021-11-29,2210,2310,2180,2190,290869,-0.04157549234135671
5887,2021-11-30,2190,2245,2005,2010,607456,-0.0821917808219178
5888,2021-12-01,1955,2085,1955,2055,342785,0.02238805970149249
5889,2021-12-02,2000,2085,1995,2055,133490,0.0
5890,2021-12-03,2055,2115,2045,2100,122661,0.021897810218978186
5891,2021-12-06,2065,2130,2045,2120,129827,0.00952380952380949
5892,2021-12-07,2160,2160,2090,2090,85089,-0.014150943396226467
5893,2021-12-08,2135,2170,2105,2125,116880,0.01674641148325362
5894,2021-12-09,2145,2200,2145,2155,56495,0.014117647058823568
5895,2021-12-10,2155,2200,2110,2155,43156,0.0
5896,2021-12-13,2140,2190,2130,2155,55403,0.0
5897,2021-12-14,2130,2155,2075,2090,49122,-0.030162412993039456
5898,2021-12-15,2120,2135,2030,2045,84794,-0.021531100478468845
5899,2021-12-16,2060,2080,2030,2035,44445,-0.004889975550122272
5900,2021-12-17,2010,2050,2010,2030,31009,-0.002457002457002422
5901,2021-12-20,2010,2030,1975,1995,121865,-0.017241379310344862
5902,2021-12-21,1995,2020,1960,2000,80247,0.0025062656641603454
5903,2021-12-22,2000,2020,1985,2015,110472,0.007500000000000062
5904,2021-12-23,2030,2045,2010,2020,75584,0.002481389578163684
5905,2021-12-24,2030,2115,2030,2080,112111,0.02970297029702973
5906,2021-12-27,2080,2100,2060,2060,124611,-0.009615384615384581
5907,2021-12-28,2075,2150,2030,2040,111888,-0.009708737864077666
5908,2021-12-29,2005,2100,2005,2055,37263,0.007352941176470562
5909,2021-12-30,2055,2095,2040,2055,72497,0.0
5910,2022-01-03,2050,2095,2050,2095,56750,0.019464720194647178
5911,2022-01-04,2095,2135,2070,2090,67988,-0.0023866348448687846
5912,2022-01-05,2085,2100,2050,2055,81809,-0.01674641148325362
5913,2022-01-06,2025,2075,1955,2055,140193,0.0
5914,2022-01-07,2065,2140,2055,2100,86325,0.021897810218978186
5915,2022-01-10,2110,2120,2025,2050,71693,-0.023809523809523836
5916,2022-01-11,2025,2050,1985,1985,137886,-0.03170731707317076
5917,2022-01-12,1985,2260,1985,2080,1021257,0.04785894206549113
5918,2022-01-13,2125,2700,2100,2345,9774607,0.12740384615384626
5919,2022-01-14,2340,2455,2290,2375,2096876,0.01279317697228155
5920,2022-01-17,2800,2930,2530,2590,15493929,0.09052631578947379
5921,2022-01-18,2590,2595,2260,2260,2586792,-0.12741312741312738
5922,2022-01-19,2230,2315,2150,2235,1225151,-0.011061946902654829
5923,2022-01-20,2215,2295,2160,2280,1237132,0.020134228187919545
5924,2022-01-21,2205,2245,2165,2230,626428,-0.021929824561403466
5925,2022-01-24,2180,2205,2020,2045,719891,-0.0829596412556054
5926,2022-01-25,2045,2080,1915,1935,621838,-0.05378973105134477
5927,2022-01-26,1935,2000,1915,1935,279504,0.0
5928,2022-01-27,1905,1935,1805,1830,546254,-0.054263565891472854
5929,2022-01-28,1800,1900,1745,1890,414838,0.032786885245901676
5930,2022-02-03,1905,1975,1890,1950,192106,0.031746031746031855
5931,2022-02-04,1960,1990,1905,1985,228930,0.017948717948717885
5932,2022-02-07,2000,2020,1965,2010,128810,0.012594458438287104
5933,2022-02-08,2020,2040,1950,2000,141085,-0.00497512437810943
5934,2022-02-09,2005,2040,1985,2020,148580,0.010000000000000009
5935,2022-02-10,2030,2035,1970,1975,128410,-0.022277227722772297
5936,2022-02-11,1950,2000,1935,1950,94133,-0.012658227848101222
5937,2022-02-14,1920,1940,1850,1875,172680,-0.038461538461538436
5938,2022-02-15,1870,1950,1855,1885,108066,0.005333333333333412
5939,2022-02-16,1905,1955,1900,1935,83751,0.02652519893899208
5940,2022-02-17,1935,1995,1915,1950,162916,0.007751937984496138
5941,2022-02-18,1935,2000,1910,1980,60522,0.01538461538461533
5942,2022-02-21,1935,1970,1925,1945,96709,-0.017676767676767624
5943,2022-02-22,1925,1940,1890,1890,95830,-0.028277634961439535
5944,2022-02-23,1890,1970,1890,1970,118014,0.042328042328042326
5945,2022-02-24,1960,1960,1840,1855,191508,-0.058375634517766506
5946,2022-02-25,1885,1900,1840,1860,108260,0.0026954177897573484
5947,2022-02-28,1860,1895,1835,1870,52635,0.005376344086021501
5948,2022-03-02,1875,1905,1860,1900,101584,0.016042780748663166
5949,2022-03-03,1915,1930,1890,1920,108148,0.010526315789473717
5950,2022-03-04,1900,1915,1880,1915,80866,-0.0026041666666666297
5951,2022-03-07,1915,1915,1850,1855,148155,-0.031331592689295085
5952,2022-03-08,1805,1840,1795,1805,127568,-0.02695417789757415
5953,2022-03-10,1840,1845,1800,1820,71469,0.008310249307479145
5954,2022-03-11,1825,1845,1810,1845,60180,0.013736263736263687
5955,2022-03-14,1825,1890,1800,1810,82234,-0.01897018970189701
5956,2022-03-15,1810,1810,1780,1785,76600,-0.013812154696132617
5957,2022-03-16,1785,1850,1770,1835,110274,0.028011204481792618
5958,2022-03-17,1860,1885,1840,1865,70229,0.016348773841961872
5959,2022-03-18,1870,1905,1865,1895,112774,0.01608579088471851
5960,2022-03-21,1910,1920,1860,1865,92234,-0.0158311345646438
5961,2022-03-22,1880,1895,1845,1865,137214,0.0
5962,2022-03-23,1860,1925,1830,1830,242482,-0.018766756032171594
5963,2022-03-24,1850,1865,1775,1835,243524,0.002732240437158362
5964,2022-03-25,1835,1865,1815,1835,118512,0.0
5965,2022-03-28,1825,1910,1825,1885,122143,0.027247956403269713
5966,2022-03-29,1910,1925,1865,1885,97877,0.0
5967,2022-03-30,1890,1905,1855,1875,128127,-0.0053050397877983935
5968,2022-03-31,1865,1965,1860,1920,359604,0.02400000000000002
5969,2022-04-01,1955,1980,1890,1890,245443,-0.015625
5970,2022-04-04,1900,1940,1885,1920,82463,0.015873015873015817
5971,2022-04-05,1945,1945,1905,1915,77707,-0.0026041666666666297
5972,2022-04-06,1925,1940,1870,1880,112175,-0.018276762402088753
5973,2022-04-07,1870,1875,1825,1835,155482,-0.02393617021276595
5974,2022-04-08,1835,1850,1785,1810,168972,-0.013623978201634857
5975,2022-04-11,1800,1875,1800,1830,108663,0.011049723756906049
5976,2022-04-12,1830,1835,1785,1810,200694,-0.010928961748633892
5977,2022-04-13,1810,1860,1790,1835,118341,0.013812154696132506
5978,2022-04-14,1845,1855,1810,1815,100686,-0.010899182561307952
5979,2022-04-15,1820,1885,1790,1860,265425,0.024793388429751984
5980,2022-04-18,1895,1895,1835,1835,79431,-0.013440860215053752
5981,2022-04-19,1830,1905,1830,1895,243506,0.032697547683923744
5982,2022-04-20,1880,1910,1875,1890,83264,-0.0026385224274406704
5983,2022-04-21,1875,1890,1845,1850,101738,-0.021164021164021163
5984,2022-04-22,1835,1840,1805,1815,133027,-0.018918918918918948
5985,2022-04-25,1790,1805,1760,1770,184912,-0.024793388429752095
5986,2022-04-26,1770,1825,1760,1785,86805,0.008474576271186418
5987,2022-04-27,1735,1780,1730,1770,107603,-0.008403361344537785
5988,2022-04-28,1770,1780,1730,1755,105437,-0.008474576271186418
5989,2022-04-29,1765,1765,1730,1755,61660,0.0
5990,2022-05-02,1755,1760,1735,1760,35377,0.002849002849002913
5991,2022-05-03,1740,1770,1740,1760,41312,0.0
5992,2022-05-04,1800,1975,1765,1850,1071314,0.051136363636363535
5993,2022-05-06,1830,1870,1805,1840,131319,-0.00540540540540535
5994,2022-05-09,1815,1935,1800,1800,1047947,-0.021739130434782594
5995,2022-05-10,1735,1770,1715,1760,179229,-0.022222222222222254
5996,2022-05-11,1755,1780,1745,1765,72820,0.0028409090909091717
5997,2022-05-12,1735,1745,1665,1665,180373,-0.056657223796033995
5998,2022-05-13,1675,1730,1660,1730,90933,0.039039039039038936
5999,2022-05-16,1720,1735,1705,1725,60591,-0.0028901734104046506
